4,1547,3079,61,1189,913,16,55,1
9,1328,3425,22,615,1572,17,68,1
14,608,78,60,639,1021,19,70,1
18,626,118,20,724,1069,19,242,1
8,1297,2415,61,951,1470,14,278,1
20,625,45,59,1059,808,22,120,1
8,1710,2109,59,1511,1073,20,208,1
6,1500,2520,65,1172,779,25,45,1
9,1494,2300,58,545,1267,18,60,1
3,1211,1972,21,567,916,14,66,1
6,1669,3508,19,611,590,24,255,1
19,614,147,59,636,1384,12,124,1
24,1318,130,61,616,1545,8,59,1
6,1677,3192,16,1204,1024,13,64,1
7,1623,2590,23,513,1766,12,63,1
18,1243,77,59,854,1011,21,54,1
6,1467,3361,61,626,1233,16,43,1
1,1054,2109,23,641,892,12,59,1
28,701,88,18,586,1082,3,70,1
9,1449,2883,58,617,588,24,43,1
12,1311,1705,58,1737,1559,24,60,1
23,760,84,18,1441,1036,8,254,1
20,503,108,61,1299,1269,17,185,1
15,535,77,60,1208,1500,12,58,1
26,1035,87,23,1392,1013,18,143,1
23,1558,94,61,554,1601,14,243,1
9,2003,1579,58,645,1799,21,146,1
12,1101,3051,59,1038,767,14,60,1
5,1675,1870,20,718,926,18,54,1
15,1493,1997,58,577,641,15,53,1
20,1374,100,23,1098,1040,18,143,1
15,914,102,20,1668,631,21,61,1
4,1338,2025,20,583,1423,5,55,1
25,813,63,21,766,960,26,46,1
21,843,96,57,1157,942,25,51,1
8,944,2655,17,1078,800,14,128,1
22,1088,64,60,595,1078,17,99,1
6,1220,2088,55,1316,528,16,58,1
21,1623,54,61,689,1053,19,176,1
16,1844,2404,63,1046,1743,13,42,1
9,1724,3470,25,1269,1800,20,40,1
9,1310,2383,63,647,1247,29,58,1
18,689,69,64,1599,1173,9,64,1
20,616,57,24,670,1072,4,57,1
9,1456,2654,60,622,1623,28,68,1
2,1556,2571,60,656,851,18,55,1
22,620,115,21,1402,1231,25,118,1
4,1569,2512,22,523,1507,31,51,1
7,1105,1954,21,1377,1723,6,264,1
14,873,70,19,917,1705,18,72,1
23,508,44,61,1289,905,19,56,1
8,1254,2181,22,520,1788,14,206,1
6,1865,2762,59,588,1060,13,56,1
20,577,119,61,627,798,14,271,1
9,1459,2830,55,556,1807,15,49,1
9,1633,1927,60,663,1306,14,50,1
19,652,114,64,533,1053,10,109,1
8,1297,1768,63,898,917,20,243,1
21,647,71,59,656,1057,16,59,1
18,936,68,21,834,1628,22,139,1
15,909,122,19,614,1094,17,108,1
20,1323,97,19,594,1099,7,259,1
7,1597,3058,22,892,1113,24,235,1
7,1613,3780,54,790,1778,16,123,1
14,1334,83,22,1090,978,28,46,1
14,637,131,20,799,1684,23,292,1
13,1153,2314,63,529,877,11,57,1
2,1564,2446,20,604,1306,27,190,1
20,486,107,59,556,767,26,293,1
12,1238,3807,17,939,1417,16,66,1
4,1146,2958,17,1208,842,17,77,1
19,1222,85,57,599,1839,10,187,1
16,1279,88,23,620,1104,22,109,1
16,1085,106,59,1086,1016,10,63,1
4,1548,2213,62,612,658,14,84,1
13,1140,1863,61,1033,1966,8,29,1
22,1500,4041,19,945,773,14,74,1
23,808,99,20,1228,1840,14,77,1
16,1350,131,58,1106,1066,8,65,1
22,1013,113,60,810,986,9,49,1
6,1728,3829,21,1053,1769,15,48,1
25,1107,74,58,618,1920,17,75,1
23,858,71,62,538,976,8,71,1
19,590,109,62,555,1012,18,271,1
11,1466,2078,62,1663,844,13,113,1
17,532,68,58,566,824,9,150,1
12,1555,3150,14,696,957,23,66,1
6,1142,3705,59,1381,1147,22,59,1
7,1822,3557,20,552,854,18,45,1
21,489,80,20,540,829,11,223,1
22,619,137,22,641,995,5,70,1
11,1459,2937,58,532,1120,17,44,1
21,1013,131,57,608,832,19,75,1
14,1302,1646,17,580,1077,9,46,1
8,1635,3372,64,606,1156,11,263,1
16,528,66,62,542,710,14,35,1
3,1572,4486,61,598,1187,9,54,1
15,880,82,64,954,1332,23,55,1
24,1410,96,60,1383,1926,14,61,1
6,1754,3300,19,565,1524,13,174,1
17,578,89,18,1270,850,31,59,1
10,1095,1161,55,1377,1070,13,208,1
8,1584,2484,61,637,606,24,46,1
7,1378,1175,18,612,1074,16,63,1
21,1054,141,16,633,1454,16,179,1
3,1659,2431,16,878,953,9,62,1
22,491,105,17,875,955,19,54,1
20,636,105,57,696,993,10,72,1
25,818,82,23,1473,1157,16,69,1
17,668,100,59,643,992,12,66,1
6,1610,1465,61,1465,927,24,236,1
10,1695,1293,60,857,980,14,45,1
26,631,111,58,1235,958,15,220,1
17,1467,72,22,1083,619,21,71,1
26,566,112,55,775,1881,21,176,1
28,607,91,63,1010,1832,15,54,1
18,511,110,22,1449,1772,11,52,1
9,1229,1781,60,579,1118,12,66,1
6,1344,2362,62,601,1035,25,36,1
0,1343,2329,63,455,809,11,63,1
19,1309,93,62,562,847,9,60,1
18,1066,133,18,640,1117,7,56,1
19,570,107,23,847,1037,27,53,1
4,959,3021,18,1048,1629,16,54,1
15,561,68,22,598,1015,9,147,1
2,1356,2347,20,1286,1046,20,35,1
17,1645,132,21,595,1058,14,247,1
26,1595,69,18,1327,1076,13,266,1
13,1467,3295,20,605,935,14,33,1
23,918,71,20,1415,982,21,67,1
14,1412,2126,64,933,1040,17,228,1
22,1108,134,62,826,1124,11,269,1
5,1509,2195,21,968,1945,15,163,1
0,1414,2580,18,871,1115,12,61,1
13,1017,2122,22,598,895,22,219,1
14,1382,2398,60,591,1006,10,262,1
17,1611,127,19,654,979,23,251,1
27,633,67,61,1525,1015,6,138,1
7,1673,2076,60,623,1014,14,238,1
17,908,114,57,884,1125,18,78,1
15,667,77,21,583,1566,13,51,1
19,1145,101,57,699,1055,8,86,1
21,640,129,19,1415,1067,12,49,1
21,745,91,55,615,1358,22,58,1
8,1504,2488,20,1191,1104,19,265,1
26,1099,104,61,1527,1758,9,37,1
11,1263,3740,21,549,1536,20,275,1
17,617,97,60,676,988,9,71,1
5,1522,2762,61,540,952,14,46,1
9,1600,2944,57,1443,1053,15,124,1
19,590,94,17,589,1087,15,35,1
12,1726,696,22,724,720,13,98,1
7,1600,1438,59,583,1180,24,90,1
17,650,102,19,606,980,17,145,1
9,1385,1648,19,1177,930,22,185,1
10,1658,2794,60,574,1931,12,64,1
22,683,117,18,622,1293,14,166,1
4,1568,3863,17,585,1107,17,288,1
11,1689,1704,60,778,834,16,246,1
23,1329,115,17,561,995,9,152,1
18,572,99,20,1541,758,15,231,1
23,626,62,19,924,895,15,62,1
20,674,105,19,584,1383,3,170,1
15,1442,3443,17,1497,564,22,56,1
21,993,116,18,1022,899,8,52,1
7,1693,2076,21,518,959,20,141,1
18,575,102,59,861,965,18,65,1
25,527,110,19,1320,1371,10,44,1
21,628,73,18,1545,790,22,71,1
22,1514,137,61,710,965,12,60,1
12,1184,1317,17,744,571,17,250,1
23,1079,88,17,1223,889,27,110,1
13,1624,1416,60,592,1038,16,42,1
21,760,118,19,1468,1097,19,215,1
13,1471,4108,57,640,559,13,48,1
17,1147,94,60,622,941,11,68,1
23,1626,95,55,621,1222,12,51,1
7,1700,1372,23,622,1042,16,113,1
14,643,124,63,501,1239,9,67,1
9,1607,2470,21,1201,1472,8,77,1
6,1751,2405,15,676,1026,9,222,1
12,1845,1459,61,1535,1041,22,73,1
15,531,87,22,597,1341,22,160,1
17,539,98,17,594,1075,12,58,1
8,1921,2768,22,572,1030,15,70,1
17,624,114,58,532,864,13,132,1
13,1634,2978,21,597,957,23,75,1
8,1478,3114,19,557,976,19,66,1
16,879,136,21,655,1995,20,187,1
5,1282,2952,21,1155,941,15,56,1
4,1588,3051,23,1382,1212,10,280,1
11,689,139,64,576,805,30,257,1
19,994,121,21,892,1127,22,53,1
12,1294,1245,61,1069,1705,8,70,1
13,1368,1565,21,627,700,14,289,1
6,1302,1429,60,1568,949,18,64,1
21,608,112,57,1567,1177,19,283,1
11,1032,1362,61,1535,1013,22,74,1
1,1124,2046,19,670,1113,19,53,1
4,1786,2313,20,1421,1028,14,264,1
3,1560,2498,54,2543,1347,16,267,0
9,1330,2548,53,2140,1830,18,69,0
9,1681,2533,60,2669,1754,4,115,0
16,1616,1315,59,2019,1610,25,89,0
7,1326,3444,52,2105,2086,18,88,0
12,1834,2260,54,1346,1745,16,147,0
9,1192,3833,44,2440,1600,18,195,0
9,1490,3047,45,2513,1741,18,232,0
14,1560,3044,60,2051,1575,3,130,0
14,1067,1215,46,2638,1334,9,246,0
11,1731,3474,44,2675,1933,16,75,0
3,1472,1978,54,2312,1851,7,242,0
2,1232,2030,54,2541,1391,19,87,0
11,1760,3717,48,1928,1754,4,216,0
9,1204,3866,79,2748,1889,11,127,0
9,919,2702,46,2210,1924,23,254,0
7,1626,1549,35,1859,1114,5,220,0
13,1412,2706,64,2234,1269,13,115,0
11,1609,2339,46,2510,1515,11,109,0
6,1906,2399,51,2224,1291,25,254,0
8,1211,2068,56,2204,1011,1,243,0
8,1283,2710,50,3034,1883,12,182,0
8,1843,1577,61,2102,1224,18,265,0
0,1737,2931,64,2232,1271,22,265,0
6,1385,2724,48,2685,1325,13,237,0
1,1452,3729,54,2294,2108,16,291,0
13,1446,2501,57,2919,1063,12,103,0
7,1273,3170,36,2289,1248,3,287,0
8,1488,2019,54,2028,1488,26,110,0
10,1746,3009,45,3478,996,14,263,0
6,1591,2298,50,2177,1719,10,158,0
12,1705,3931,55,2713,1744,6,218,0
1,1610,3644,44,2564,1024,12,267,0
15,1635,2278,47,1770,1427,10,207,0
13,1679,2099,62,2319,1217,4,32,0
4,1517,2806,55,1978,1420,18,92,0
8,1732,3189,45,2600,1877,9,118,0
3,1920,1755,55,2075,1235,13,35,0
4,1366,2110,47,2842,1697,6,120,0
4,1830,2001,55,2073,1141,7,54,0
11,1750,4004,50,1814,1482,11,93,0
3,2231,1474,53,2538,1189,18,35,0
10,1358,2174,55,2430,1594,12,180,0
4,1587,2506,42,3206,1677,15,240,0
6,1725,2896,62,2816,2162,22,167,0
5,1666,3781,49,2715,891,9,270,0
12,1235,1975,57,2505,1500,18,47,0
1,1782,3716,46,2535,1486,3,220,0
13,1718,1059,47,2652,930,8,294,0
6,1103,1744,63,2406,1097,12,232,0
11,1470,1671,68,2669,1212,3,119,0
10,1641,1247,50,2260,1217,4,298,0
6,1831,2466,50,3744,1119,10,172,0
8,1455,1525,59,2316,1651,10,102,0
10,1544,2388,53,2536,1695,17,52,0
7,1819,3104,55,2254,1501,25,95,0
13,1968,2473,50,3323,1691,4,286,0
13,1496,2129,41,2630,1160,24,83,0
11,1315,2644,40,2680,1926,11,118,0
4,1262,2519,56,1939,927,25,147,0
9,1384,1835,50,2664,1754,5,162,0
6,1256,1958,60,2007,1017,23,261,0
6,1695,1701,67,2481,1710,7,81,0
8,1368,1334,49,3384,1893,23,41,0
6,1452,1722,60,2878,730,11,58,0
10,1574,1307,68,2000,1208,22,34,0
4,1416,2657,50,2879,1408,7,66,0
5,1913,2327,36,2355,1142,23,100,0
11,1525,2453,57,3347,1630,9,241,0
15,1409,3278,63,2511,1188,27,266,0
9,1559,1950,50,3230,1658,2,91,0
12,1527,3015,47,3378,919,20,163,0
6,1454,2918,37,2698,1652,17,270,0
11,1394,2609,63,2027,1181,5,154,0
8,943,1201,50,3419,1600,14,43,0
17,1749,1462,44,3176,1788,11,265,0
11,1659,3297,63,2824,1182,10,286,0
3,1577,3025,50,2794,1047,21,230,0
12,1459,2331,60,2626,1718,14,90,0
8,1843,2118,54,2518,1127,15,223,0
13,1436,2480,40,2473,687,15,109,0
13,1134,3337,58,3419,1164,5,234,0
8,1739,3365,47,1965,1453,24,176,0
12,1405,2979,46,1273,1475,14,175,0
10,1097,3073,49,2358,1608,9,127,0
1,1340,2655,39,2971,1244,24,152,0
6,1601,1487,41,2449,1032,5,253,0
15,1728,2577,57,1795,1578,15,213,0
8,2160,2816,51,1999,1839,16,123,0
7,1839,2293,42,2624,1311,14,58,0
3,1677,1599,47,2275,1834,5,145,0
10,1756,1489,45,2106,1472,4,195,0
5,1408,2438,58,2394,1319,19,195,0
13,1703,2791,50,2732,1446,15,157,0
3,1364,805,48,2569,1514,11,256,0
5,1551,3245,54,2432,1858,15,243,0
10,1689,2958,54,2796,1684,2,141,0
7,1658,1616,48,2830,1289,14,99,0
7,1445,1514,51,3515,1577,12,179,0
14,1285,2825,62,2459,1040,17,100,0
11,1571,1293,52,2071,1831,13,88,0
3,1310,2095,67,3209,1475,14,148,0
7,1275,2456,72,2421,1112,17,291,0
12,1378,2488,51,2189,1556,30,278,0
11,1480,2917,51,3410,1738,16,133,0
6,1222,1881,42,3338,1382,11,105,0
7,1683,1392,45,3112,2144,18,285,0
8,1963,3068,37,2343,1533,6,198,0
6,1805,2188,56,2753,1469,6,105,0
2,1753,2383,46,3066,1392,16,209,0
12,1647,3306,41,1589,1810,5,184,0
12,1604,3226,45,2819,1621,8,275,0
5,1123,2252,59,3233,1640,22,37,0
3,2204,2385,53,2929,1502,30,83,0
0,1536,1778,49,2838,1269,19,152,0
7,1543,3143,55,2262,1961,21,202,0
6,1651,2895,36,2864,1516,6,133,0
8,2356,2761,50,2588,1698,14,45,0
9,1850,2745,38,2477,1295,17,211,0
14,1323,2060,43,2295,1898,26,247,0
12,1494,2561,42,2773,1451,10,126,0
7,1461,1790,33,2802,1635,11,82,0
13,1532,3568,49,2600,1734,16,38,0
11,1270,3837,54,2878,951,25,212,0
12,1172,2032,47,1186,1248,12,55,0
3,1311,3375,41,2464,1463,10,197,0
8,1246,2937,55,3002,1758,3,233,0
10,1441,3083,39,2690,1631,4,234,0
8,1255,2752,50,2512,1513,19,265,0
10,1882,1300,55,2817,1429,5,133,0
7,1562,2773,45,2557,1134,19,106,0
12,2094,2867,41,2886,1748,2,225,0
9,1666,1086,49,3048,1257,17,156,0
8,1598,2562,39,3074,1616,12,164,0
8,1162,2198,44,1669,2199,6,285,0
5,1398,3271,40,1877,1330,5,173,0
5,1101,3544,48,1928,1405,12,53,0
7,1179,2400,68,1895,1455,11,237,0
12,1289,2159,40,2179,1457,5,36,0
9,1538,3480,36,2885,863,22,47,0
9,1002,2059,54,2563,1270,20,146,0
0,1239,1832,28,1989,1648,11,114,0
2,1162,2920,44,2241,1055,14,161,0
6,1197,2515,54,2903,1278,1,214,0
10,1027,2838,39,2658,1279,4,128,0
4,1574,3090,47,2438,1824,5,112,0
4,1630,3005,51,2653,1753,5,42,0
11,1201,2454,57,1551,1544,15,269,0
8,1527,1792,59,3196,1809,22,299,0
1,1452,2607,38,2635,1807,1,166,0
6,816,2864,49,3073,1887,9,138,0
8,1237,3095,38,3345,1168,10,210,0
8,1719,2234,42,3271,1512,0,241,0
14,1997,835,57,2362,1134,16,45,0
12,1102,3480,45,2363,1705,10,146,0
4,1477,2697,45,2798,1755,10,59,0
4,1478,2213,47,2613,1382,17,234,0
10,1869,3812,59,2713,1682,16,294,0
10,1310,781,48,3095,1626,7,188,0
13,1428,1403,53,2965,1754,24,38,0
6,1662,2708,50,3150,1709,16,106,0
5,1557,3992,53,2060,1124,9,248,0
6,1355,3252,56,2192,1457,23,250,0
11,1414,1896,48,2670,1967,9,276,0
11,1416,2370,56,2787,1783,13,60,0
11,1762,2438,55,2834,2064,1,259,0
8,1511,2480,42,2798,864,4,248,0
9,1561,2351,60,2424,1385,31,144,0
8,1234,2049,50,2434,1263,3,295,0
9,1542,3283,55,1587,1555,12,261,0
13,1515,1494,53,2457,1785,12,135,0
5,1270,2949,52,2468,1520,2,87,0
11,1442,1697,58,2924,1606,3,260,0
7,1931,2354,67,2422,1609,13,286,0
6,1299,2626,50,3052,1699,21,266,0
7,1419,2986,49,2333,1761,14,202,0
7,1592,2927,60,2791,1119,16,107,0
12,1309,2831,51,2489,1364,10,281,0
6,1423,3065,50,2497,1572,16,36,0
4,1555,1858,50,2383,1871,24,92,0
7,2217,1020,44,2216,1293,13,277,0
12,1600,991,41,2922,1331,7,225,0
5,1815,1971,38,2085,1814,27,115,0
11,1057,2500,34,2833,1296,12,31,0
8,1411,2942,55,2429,2281,11,204,0
5,1506,2209,55,3083,848,25,142,0
12,1262,2961,50,2437,1098,19,246,0
9,1422,2191,58,2703,1643,13,225,0
9,890,3688,49,2583,1268,16,55,0
7,1969,3470,40,2069,1362,18,142,0
10,1711,2703,46,2215,1232,12,292,0
13,1245,1318,36,2625,1830,5,182,0
10,1148,1280,45,2781,1874,4,191,0
4,1471,2607,59,2691,2185,17,49,0
10,1850,2905,43,2547,1856,14,281,0
6,1166,1945,50,2479,1531,16,286,0
7,1208,2097,47,3076,1808,34,275,0
4,1454,1199,71,2018,1715,10,278,0
3,1664,2881,45,2810,1571,14,131,0
5,1401,2517,45,2477,1271,3,236,0
13,1188,2097,42,2830,1638,8,171,0
12,1756,2548,48,3148,1634,11,153,0
7,1622,2019,43,2822,1845,18,110,0
12,1438,3187,32,2741,1744,17,278,0
13,1402,2062,39,1926,1241,22,163,0
15,1522,2276,47,2664,1717,13,54,0
7,1444,1497,62,1538,1556,4,211,0
14,1279,2094,48,2533,1504,18,212,0
10,1827,624,47,3116,1751,7,231,0
4,1588,2720,43,2939,1695,26,254,0
13,1753,1491,40,2444,1239,3,195,0
3,1614,2608,58,2504,973,11,267,0
7,1114,1799,43,1688,1585,4,48,0
15,1300,1307,59,2535,1509,23,34,0
4,1461,2362,42,2957,1150,12,275,0
8,1123,2762,47,2228,1383,7,65,0
8,1199,2085,55,2255,1690,11,279,0
4,1502,2202,53,2367,1497,21,191,0
3,1669,4122,46,2409,1142,17,55,0
7,1097,4340,48,2224,1074,4,237,0
13,1204,3182,51,1725,1998,14,103,0
8,1608,2222,50,3033,1123,17,70,0
2,1330,3788,55,1757,1916,5,270,0
5,1244,2535,42,1870,1440,7,284,0
8,1642,2810,52,2758,1728,10,99,0
4,1244,3332,62,3400,1821,25,125,0
13,1419,815,46,3271,1685,21,279,0
9,978,1741,36,3450,2017,15,142,0
4,1552,1210,50,2712,1480,1,180,0
5,1134,3420,50,2745,1144,18,260,0
9,1149,2840,54,3016,1405,11,230,0
2,1387,2355,46,2222,1199,18,75,0
5,1731,2245,44,2096,2025,30,259,0
9,1421,3795,45,2935,1426,7,216,0
7,1875,2791,66,1870,1081,19,117,0
9,1222,2761,48,2564,1356,12,137,0
11,1596,2384,58,3280,1403,9,259,0
10,1351,3085,56,2311,1304,14,216,0
8,1625,4735,47,1752,1750,9,124,0
5,1696,3169,53,2723,1694,6,229,0
9,1527,3097,58,2670,1579,4,89,0
6,1148,1973,55,2407,1475,5,167,0
12,1221,1036,51,3124,1547,18,148,0
5,1541,2304,55,2951,1862,9,217,0
4,1929,2062,70,1876,1023,16,287,0
14,750,1726,50,2030,1861,8,107,0
6,1660,3403,53,1788,959,19,100,0
6,1428,2415,46,2312,1338,18,242,0
7,1847,2971,50,2850,1150,13,291,0
15,1488,1193,40,2289,1478,18,270,0
6,1540,1483,49,2131,1344,3,237,0
11,2012,2163,45,1349,2047,29,281,0
10,1490,1658,55,2729,1594,21,251,0
2,1586,2420,58,2661,877,9,150,0
5,1867,2493,50,2511,1090,25,51,0
14,1409,1572,50,2731,1284,8,263,0
8,1657,2857,47,2693,1381,21,221,0
7,1786,1417,42,2705,1474,7,70,0
6,1914,2634,53,2935,899,0,128,0
9,1384,2832,45,2896,1661,11,180,0
13,1384,2979,57,2783,1955,9,86,0
8,1099,1427,52,2987,1197,9,104,0
9,1365,2905,58,2771,1469,15,151,0
5,1397,2731,45,2776,1155,13,71,0
6,1869,3076,49,2781,1197,3,118,0
8,1266,3776,49,2799,1026,21,252,0
11,1540,3757,45,2381,1513,18,89,0
5,1468,3243,48,2094,1198,20,118,0
15,1873,1771,51,2452,2022,7,235,0
12,1602,3178,48,2226,1656,4,143,0
14,1487,2638,55,3102,1266,1,204,0
17,1405,3238,55,1680,1810,16,184,0
3,1506,2978,56,1772,1988,9,273,0
0,1529,2798,49,3065,1362,14,31,0
7,1510,2135,45,1615,1460,15,180,0
10,1276,1398,60,2637,1095,8,275,0
3,976,3133,39,2514,1310,2,272,0
13,1507,2427,42,2321,1312,20,135,0
8,1746,1462,53,1813,1288,10,255,0
19,1530,2813,49,1847,1402,12,200,0
2,1466,3510,51,2291,1314,6,232,0
12,1890,1967,55,2056,1973,9,37,0
9,1155,2981,50,2784,1421,8,156,0
13,1444,3338,58,2080,1338,17,114,0
11,1350,1929,46,1869,1545,19,74,0
3,1424,3091,48,2756,1762,3,55,0
12,1867,1569,52,2136,1468,15,278,0
8,1386,2575,66,2079,1183,9,139,0
6,1420,3171,42,2143,1457,12,45,0
9,1451,2983,52,2009,2275,18,251,0
10,1500,1357,48,2851,1437,26,92,0
7,1876,1252,38,2352,1243,16,83,0
10,1693,3006,41,2635,1765,20,85,0
9,1619,1939,50,2685,1135,16,85,0
11,1097,1155,51,2412,1749,7,263,0
9,1775,2287,43,2803,1638,5,166,0
7,1595,4511,43,2592,1483,14,253,0
10,1134,2201,42,2883,1701,7,193,0
8,1389,1500,52,3025,1571,5,133,0
11,1533,2580,29,2299,1695,17,262,0
1,1478,2791,42,2257,1870,12,75,0
9,1652,1977,67,2435,1986,7,63,0
8,1726,2353,46,2351,1255,6,106,0
6,1381,3170,44,2197,1190,30,163,0
11,1190,2935,63,2430,1495,11,218,0
7,1203,1777,44,2095,1656,10,111,0
8,1270,2317,54,2568,1573,4,48,0
10,1887,2238,48,2631,1687,22,109,0
8,1241,1967,41,1736,1278,26,86,0
13,1788,2503,50,2613,1752,1,182,0
9,1082,1857,46,3341,1121,16,89,0
10,1595,2804,28,2461,1963,26,215,0
5,1858,1991,36,2277,1812,14,157,0
6,1579,2695,59,2055,2100,20,161,0
6,1086,2191,39,2456,1234,18,212,0
4,1906,1540,51,1728,1924,16,90,0
7,1811,2508,46,2307,1310,22,113,0
6,1679,3200,50,2780,1666,14,104,0
2,1476,2474,51,2745,1441,13,258,0
7,1195,4139,53,2487,1163,23,99,0
9,1937,3505,41,2179,1194,5,78,0
11,1578,2484,55,2512,1978,10,252,0
2,1271,2053,49,2267,1621,13,271,0
8,1633,3603,50,1371,1375,18,210,0
9,1437,2220,41,2856,1564,18,122,0
9,1549,1339,43,2573,1508,0,278,0
3,1589,1500,52,3028,1666,8,103,0
15,1257,3427,45,2536,1599,17,245,0
13,1389,2279,42,2058,1662,16,251,0
10,1597,2326,74,3011,2126,1,82,0
10,1236,2363,49,2119,1822,7,59,0
5,1533,1874,60,2629,1543,21,173,0
10,1624,1857,45,2024,1099,20,83,0
9,1717,4379,53,2527,1617,10,105,0
19,1301,3137,53,3180,1415,14,109,0
8,1742,3107,45,2937,892,14,111,0
9,1405,2234,69,2269,1628,14,96,0
17,1402,2538,50,3014,1929,17,48,0
12,1650,2153,32,2568,1823,16,90,0
6,1737,3460,64,3156,1448,12,181,0
9,1424,1937,49,1940,1472,29,39,0
17,1889,2194,59,2229,1488,11,257,0
16,1353,1063,45,2579,1403,11,240,0
4,1630,4131,53,2035,1285,12,166,0
8,2209,3578,52,1634,1469,15,159,0
3,1344,1476,40,2689,2074,8,185,0
6,1728,1954,54,1861,1230,14,220,0
3,1044,3169,53,2036,1784,13,131,0
10,1619,2243,43,2748,1854,11,197,0
11,1244,2427,57,2063,1956,9,211,0
8,1587,1698,57,3029,1677,16,122,0
5,1417,1159,54,2220,1713,17,99,0
17,1267,1659,43,2756,1772,8,260,0
12,1358,2077,58,2163,1280,8,183,0
4,1689,2762,33,2333,1130,9,295,0
6,1156,2318,37,2310,1856,21,142,0
6,1695,1620,54,2824,1420,7,243,0
8,1047,2372,52,2799,1286,32,254,0
8,1921,3179,41,2179,1154,6,113,0
12,1637,3094,46,2860,1524,9,41,0
7,1779,3735,50,1290,1535,16,144,0
7,1715,1532,60,2214,1314,23,181,0
4,1345,2973,51,2171,2372,15,180,0
10,1683,2588,38,3006,1656,10,267,0
7,1488,2703,49,1969,1644,14,271,0
9,954,1620,60,2925,1426,22,169,0
14,1861,2035,56,2350,1468,21,273,0
11,1472,2163,50,2340,1741,10,116,0
12,1375,2105,67,2869,2354,9,290,0
11,1726,3988,47,2201,942,32,114,0
11,1619,2806,29,2421,1206,2,71,0
14,1458,2862,50,2594,1169,22,84,0
7,1260,3223,66,1707,667,18,79,0
12,1462,3098,45,3041,1060,10,169,0
5,1475,4971,41,2687,1600,20,234,0
13,1523,1034,62,2208,1282,0,93,0
2,1325,2090,57,2805,1524,14,245,0
3,1908,3252,60,2153,1788,10,97,0
11,1769,1236,61,2424,2015,7,214,0
9,1841,2582,48,2119,1172,23,222,0
5,1132,3617,42,2572,1100,20,37,0
11,1483,1845,53,2666,1992,10,192,0
1,1510,3167,52,2216,1292,12,31,0
8,756,2246,55,2436,1886,13,100,0
7,2091,2433,41,2343,1567,15,253,0
15,1309,2885,47,2408,1368,16,106,0
11,1484,2046,48,3036,1567,11,82,0
4,1336,2415,53,2239,852,20,241,0
11,1135,3478,46,3057,1809,2,142,0
11,896,2906,50,2930,1650,16,241,0
3,1658,2048,69,1743,1410,4,96,0
11,977,2976,29,2694,1210,6,74,0
4,1716,1439,46,2031,1463,13,42,0
19,1898,1434,47,1836,1386,4,229,0
3,1690,2430,41,2822,1859,15,58,0
11,1981,2689,47,2605,1888,21,125,0
13,1412,3120,48,3473,1598,9,57,0
7,1428,2560,50,2557,1426,8,285,0
5,1642,2498,55,2238,1239,21,140,0
4,1709,2942,59,2222,1401,14,118,0
11,1261,1521,50,2526,1434,16,193,0
8,1740,1446,54,2736,1405,5,235,0
9,1982,2684,35,2612,1724,10,93,0
11,1253,1656,44,2903,1389,10,229,0
5,1802,1791,42,2442,2038,18,209,0
9,1628,2204,53,2574,1549,11,188,0
7,1913,3525,51,2907,1701,2,231,0
10,1484,2095,49,2283,1908,5,77,0
5,1285,1481,47,2391,1866,10,70,0
6,1540,3075,57,2592,1555,15,79,0
11,1356,3530,38,2894,1681,6,142,0
9,1265,2180,44,2530,937,10,200,0
8,1699,3852,33,3204,1345,17,198,0
11,1411,4004,55,2070,1019,2,229,0
4,1610,2988,65,2193,2087,19,179,0
11,1619,2603,49,2857,1494,9,153,0
13,1303,2337,49,2304,1352,22,129,0
4,1277,563,50,2921,1631,8,103,0
5,1737,3738,63,2653,1385,15,239,0
6,1554,3916,51,2109,1488,18,294,0
11,1390,2078,57,2347,1038,7,202,0
9,1568,3688,53,1923,1706,22,71,0
7,1302,3322,48,2623,1196,7,221,0
20,1503,2769,50,2810,2068,9,181,0
7,1989,2784,53,2132,1179,12,228,0
13,1128,1252,50,2754,1579,16,115,0
6,1673,2105,54,1811,1699,20,223,0
9,1217,1802,58,2941,1457,16,242,0
13,1587,2131,41,2775,1169,8,176,0
10,1823,3239,62,2649,1969,9,43,0
3,1601,1766,55,2724,1631,6,158,0
11,926,1931,41,2357,1232,5,226,0
8,1550,3040,62,2661,1723,13,214,0
3,1327,2308,46,2557,1981,18,284,0
13,1569,1306,49,2319,1395,13,271,0
11,1344,3127,63,2543,857,13,152,0
5,1385,2996,56,3712,858,6,188,0
14,1377,1786,53,2385,1003,14,43,0
8,1235,2472,45,2906,1193,30,195,0
5,1167,2611,43,2722,2002,30,205,0
9,1599,3224,57,2577,1379,14,103,0
10,1540,2032,61,1874,1383,6,98,0
18,1261,2367,55,2112,1780,21,196,0
4,1688,2562,54,3429,1695,9,163,0
10,1588,4077,37,2172,1092,15,197,0
15,1740,2783,42,2484,1094,27,126,0
8,950,861,55,2851,1707,16,239,0
2,1570,1859,55,2124,1397,20,60,0
5,1492,3360,42,2456,1386,5,58,0
5,1799,2635,61,2567,1340,15,183,0
3,1577,2108,41,2740,1906,26,202,0
12,1321,1952,62,1893,1574,10,124,0
6,1364,2642,58,2745,1788,10,291,0
4,1575,2887,45,3330,1344,28,196,0
6,973,2416,62,1973,1878,12,286,0
9,1682,2619,39,3001,1179,1,192,0
5,1175,1814,38,1837,1369,12,104,0
1,1712,2349,53,2714,1155,23,224,0
13,1941,3467,51,2723,1640,7,270,0
7,1436,1928,49,3593,1519,17,107,0
5,2120,1608,54,1901,1887,22,286,0
7,1955,1805,43,2168,1662,9,200,0
12,1361,3002,43,2719,1588,15,243,0
2,1580,2631,55,2352,899,18,197,0
9,1636,1779,42,3029,1983,21,211,0
8,1462,3147,56,2708,1125,4,128,0
1,1122,1406,44,2393,1804,25,34,0
11,1533,2068,54,3544,1604,29,123,0
13,1442,1729,35,1093,1595,11,98,0
8,1656,2571,54,3088,1504,9,231,0
10,1584,2191,56,2041,1286,8,291,0
11,1853,2947,53,2571,1773,15,144,0
6,1544,1921,52,3160,1262,14,57,0
12,1581,3519,38,2951,1208,8,139,0
9,1815,1610,53,2053,1183,15,152,0
3,1370,1843,54,1985,1560,6,284,0
14,1343,3351,48,2451,1372,15,150,0
14,1940,3109,52,2518,1285,9,47,0
8,1305,3027,56,1913,1750,22,254,0
7,1643,1905,57,2545,1137,22,296,0
10,1646,691,52,1874,1026,10,160,0
7,1690,1584,56,2170,1325,18,284,0
9,1490,2408,64,3361,1686,22,226,0
9,1495,2674,53,2849,1268,6,166,0
11,1554,3748,56,3378,1318,23,52,0
3,1895,1208,57,2060,1329,8,85,0
10,1814,3483,54,2768,1795,15,271,0
0,1241,2175,46,2334,1407,14,190,0
1,1619,2852,58,3023,1813,20,173,0
4,1207,1909,47,2694,1719,19,116,0
5,1015,1059,32,1983,1646,9,91,0
4,1509,1327,59,2161,1725,11,107,0
2,1406,3077,46,3010,1527,12,194,0
6,1468,1808,52,1836,787,11,296,0
10,1870,3634,51,1882,1654,15,223,0
9,1608,2591,52,2384,2148,1,185,0
6,1219,2016,45,2178,1487,3,151,0
9,1502,1574,50,2715,1512,19,270,0
4,1421,1702,52,2372,1679,12,98,0
7,1731,2912,48,2815,1218,12,97,0
4,1489,3523,57,2064,1672,8,98,0
12,1330,1889,41,3088,1540,18,123,0
2,1203,3048,56,2887,1702,16,210,0
9,1246,4107,45,2310,1764,6,285,0
10,1301,1234,52,2568,1413,11,240,0
5,698,2358,46,2519,982,13,114,0
6,1422,4040,57,2356,1301,9,109,0
8,1500,2712,44,2158,1411,12,202,0
10,1577,2660,53,1561,2135,2,286,0
9,1268,871,37,3399,1537,14,63,0
5,1091,1741,51,977,1467,6,101,0
13,1918,2480,48,2566,1670,10,199,0
3,1685,1610,65,2509,1563,6,84,0
7,1462,2185,56,2639,1911,2,244,0
5,1331,3496,41,2718,952,16,151,0
3,1499,4806,42,2551,1593,17,285,0
9,1555,2777,50,2579,1604,12,93,0
11,1989,1325,46,3140,1442,16,106,0
11,1486,3068,61,2179,948,13,218,0
8,1960,3246,50,3194,1659,31,30,0
10,1182,3672,48,1776,1704,15,101,0
10,1768,1579,44,2751,1535,0,247,0
12,935,3811,56,2139,1324,19,79,0
3,1327,2073,55,2086,806,18,204,0
11,1281,3251,51,2158,1601,10,83,0
8,1375,2612,55,2004,1649,7,87,0
6,1285,3290,40,2463,1811,12,50,0
7,1263,3087,46,2690,1669,5,156,0
10,1501,1915,50,2087,1626,15,187,0
1,1533,2195,46,2075,1764,1,230,0
6,1573,2046,38,2304,1300,10,192,0
2,1262,3175,52,1972,1715,11,201,0
7,1056,3765,54,2819,1424,16,116,0
1,1650,2577,36,2854,1297,18,177,0
12,1734,2936,59,3400,1547,11,89,0
8,1833,2296,48,2665,1650,6,229,0
1,1855,1090,55,2214,1600,22,82,0
2,1479,2362,51,2490,1086,10,271,0
3,954,1973,64,2669,1348,24,251,0
10,1224,3598,55,3549,1699,22,179,0
8,1653,1615,41,2081,1579,20,102,0
4,1761,2985,40,2056,1150,12,106,0
2,1222,1290,42,2512,1240,20,36,0
6,1585,2960,52,2533,2107,18,128,0
1,1192,2987,56,2876,2091,20,278,0
16,1553,3099,49,2925,743,14,289,0
3,1760,2141,48,2159,1604,16,175,0
5,1487,2738,47,2712,1417,13,240,0
12,1281,1992,46,2179,1367,18,161,0
10,1546,1125,58,2360,1238,10,273,0
5,1676,2644,60,2776,1309,4,283,0
9,1634,3164,63,2688,1553,10,267,0
4,1380,1500,57,2219,1470,10,83,0
5,1126,2989,44,1702,1485,22,179,0
4,1417,3550,47,1340,1027,23,210,0
5,1508,2864,42,3066,1841,11,120,0
9,1408,3074,53,2284,1218,11,206,0
10,1484,2674,37,1920,1240,12,32,0
6,1753,803,56,2869,1431,10,59,0
11,1862,1487,44,2138,1180,14,298,0
7,1462,2078,45,2898,1614,21,101,0
13,1604,4014,57,3085,1109,10,214,0
15,992,3645,56,2231,1596,15,202,0
9,1154,3795,53,1530,1759,22,66,0
3,1357,2982,41,2639,1628,9,284,0
10,1653,1037,48,2048,1493,1,119,0
2,1880,1349,54,2413,1778,12,87,0
7,1280,2428,41,2338,1621,16,92,0
8,1832,1154,46,2495,1314,10,298,0
8,1156,2151,55,2237,1307,23,193,0
7,1820,3246,57,2319,1447,3,102,0
13,1208,3284,43,2417,759,16,56,0
9,1476,3045,40,2834,1624,13,87,0
8,1393,2289,54,2112,1278,3,258,0
9,1331,3427,55,2360,1339,12,125,0
6,1612,1642,41,2954,1368,29,82,0
8,1528,3241,59,2351,1631,20,188,0
3,1592,3278,53,3127,1934,11,133,0
6,1202,1162,51,2320,1346,9,136,0
7,1650,2863,40,2579,1316,17,141,0
10,1448,2680,51,1625,1603,10,211,0
9,1444,1515,61,2760,1707,3,135,0
2,1325,2635,46,2385,1711,2,93,0
6,1771,2088,45,2579,1568,13,135,0
12,1749,1831,40,1930,1489,14,246,0
8,1739,3086,43,2706,1413,15,73,0
7,1779,1836,49,2845,1274,24,242,0
8,1741,2034,40,2438,1538,2,154,0
9,1696,2526,49,2519,1598,5,284,0
11,1001,763,55,2296,1252,23,290,0
6,1751,1774,42,2038,1566,17,252,0
8,1499,3654,40,2675,1424,6,127,0
9,1286,1269,55,2633,1292,5,117,0
12,1797,1666,48,2624,1381,20,181,0
7,1174,2814,59,2672,1666,25,201,0
5,1383,2669,51,3221,2052,28,294,0
5,1459,2470,29,2075,1528,22,277,0
2,1489,1991,38,2885,1689,14,278,0
12,1508,2611,59,2594,1219,16,179,0
5,1929,1577,42,2615,1446,15,121,0
11,1431,3607,41,2508,1422,13,229,0
7,1409,1014,55,2431,1472,6,128,0
10,1271,2742,45,2430,1223,2,213,0
9,1412,2629,48,2552,1543,18,209,0
9,1416,3279,52,2894,1388,17,230,0
11,1647,3043,47,1693,1283,10,300,0
6,1082,4132,43,2989,1474,15,63,0
14,1480,2943,55,3151,1115,7,276,0
9,1139,2049,54,3033,2163,0,75,0
5,1801,1927,57,3127,866,9,154,0
8,1006,3298,46,2097,1506,3,86,0
5,1667,2961,56,2891,1454,10,123,0
4,1535,2934,55,3345,1326,17,228,0
5,1212,1857,47,2023,1154,21,89,0
7,1482,3555,59,2290,1207,18,48,0
7,1363,2150,40,2885,1048,7,240,0
6,1637,1357,55,2356,1808,6,186,0
11,1752,2967,68,2609,1716,10,217,0
14,1269,2301,39,2777,1113,12,126,0
8,1518,1938,46,2678,1647,1,137,0
15,1532,3374,52,2327,1087,6,116,0
6,1682,2982,60,2868,1171,25,55,0
7,1735,1793,48,2331,1293,23,143,0
10,1548,2034,41,2155,1539,4,149,0
7,1800,1921,44,2865,1194,15,240,0
10,1474,2054,42,3362,1753,19,180,0
7,1674,3265,53,2332,1790,2,221,0
1,1652,2456,49,2721,1833,3,163,0
9,1334,2264,68,1932,1622,13,102,0
7,1633,3100,58,2353,2205,19,246,0
10,1330,2991,53,2999,2088,5,181,0
15,1728,2710,54,1965,1423,6,53,0
7,1540,1274,53,2783,1614,16,261,0
6,1532,2153,58,2193,835,5,213,0
6,1486,3897,61,2696,2292,18,176,0
12,1615,904,33,2469,1725,5,283,0
4,1367,2734,58,2038,1333,15,241,0
5,1672,682,49,2418,1805,9,287,0
11,1792,2241,41,2300,1283,20,133,0
4,1170,2805,51,2605,1470,18,168,0
7,1498,3929,53,1937,2347,7,76,0
11,1649,1355,59,2275,1619,10,178,0
12,1934,3149,39,1588,1585,16,106,0
7,1437,1889,37,2573,1400,19,70,0
8,1817,3106,56,3508,1383,18,52,0
8,1631,2599,47,2065,1670,21,59,0
10,1584,2395,49,2653,1117,14,195,0
5,904,2897,45,2148,1171,4,35,0
11,1773,1016,57,2777,1077,9,223,0
7,1355,1197,45,2425,1380,10,256,0
8,1533,2701,50,1970,1618,9,242,0
5,1649,1552,48,2303,1567,10,62,0
6,1550,2810,69,2089,1516,13,64,0
4,1219,2396,55,1918,1207,17,117,0
7,1548,2457,52,3248,1057,9,70,0
2,2071,3578,44,3389,1526,12,198,0
10,1352,2038,52,2283,1514,15,272,0
5,1853,2670,50,2446,1760,8,146,0
5,1592,2895,47,2189,1561,11,190,0
14,1514,2602,43,3070,2044,9,132,0
9,1597,3070,50,2674,2001,14,39,0
17,1294,4776,51,2578,1604,10,206,0
11,1070,1430,56,2926,1356,15,270,0
8,1377,2631,42,2083,1431,11,103,0
3,1742,3689,45,2159,1292,23,79,0
12,1427,2497,56,2007,1375,12,272,0
7,1146,2090,63,2668,1046,18,167,0
4,1417,2761,43,2571,1410,18,133,0
5,1054,1621,38,2573,1699,18,204,0
9,1622,5352,51,1963,998,11,102,0
5,1458,1969,49,3157,1417,18,54,0
11,1224,2340,54,2227,1284,17,118,0
5,1220,4033,53,2814,1496,23,132,0
9,1797,2493,45,2385,1492,19,120,0
10,1450,1498,37,2362,1686,8,103,0
12,1527,2203,37,2576,1511,6,240,0
10,1743,2237,54,2285,1652,10,257,0
4,1525,1967,47,2807,757,16,166,0
11,1568,1789,39,2581,1545,12,149,0
12,1572,1689,45,2608,1459,12,57,0
8,1653,2628,54,3429,1161,4,273,0
17,1456,3682,63,3301,1729,13,159,0
1,1473,1802,48,2337,1901,15,158,0
12,1389,2358,54,2677,1870,15,225,0
6,1395,3032,51,2153,2173,6,162,0
13,1460,1669,61,2301,1542,14,201,0
15,1523,2371,38,2293,1831,2,189,0
5,1193,2751,54,2305,2133,11,217,0
10,1873,2427,57,2376,1283,4,287,0
19,1140,1944,47,2417,1484,8,174,0
3,1819,1392,25,2801,1341,9,86,0
9,1914,2766,64,2977,1663,8,154,0
5,2042,2737,53,3113,1352,11,116,0
0,1670,2880,47,2941,1657,18,81,0
3,1378,1227,39,2650,2044,4,90,0
5,2012,1872,57,2821,1625,4,97,0
4,1446,2781,49,2841,972,13,64,0
13,1271,3336,49,2231,1518,13,210,0
6,1590,3194,49,2477,1548,2,220,0
4,1829,2968,58,3031,1512,7,109,0
8,1167,1273,48,2331,1281,0,44,0
7,1164,4407,62,2166,1307,10,156,0
8,1718,2197,53,2704,1254,19,90,0
10,1211,1039,55,1647,1714,7,219,0
8,1789,1312,59,2614,1205,15,161,0
8,1218,3420,58,2082,1176,13,192,0
16,1180,2060,56,2558,772,14,56,0
6,1698,1438,42,1739,1473,12,61,0
11,1276,1641,53,2251,1472,2,161,0
0,1891,2422,43,2741,1345,16,37,0
13,1752,3573,35,2327,1738,18,157,0
13,1436,1361,45,1490,716,7,83,0
7,1586,3609,40,3331,1307,7,294,0
7,1181,2832,57,2540,1193,11,221,0
4,1463,369,37,2336,2087,28,285,0
11,1372,2963,66,2460,2183,5,134,0
9,1052,2969,58,2472,1493,30,94,0
7,1054,949,48,1960,1756,12,211,0
6,1667,1501,53,2704,1345,12,67,0
4,1385,3038,53,2930,1430,15,141,0
1,1548,3664,64,3059,1297,10,150,0
6,1144,2541,56,2729,1079,17,112,0
9,1079,3881,53,2876,1307,13,147,0
12,942,3017,45,2412,1074,19,201,0
8,1037,4129,55,2904,1777,19,42,0
6,1467,3312,35,1881,1586,1,92,0
17,1272,3016,65,2335,1746,7,87,0
4,1811,3296,50,3072,1704,4,202,0
9,1127,1759,35,2021,2155,19,52,0
10,1733,3290,54,1921,1946,5,281,0
2,1714,4014,52,2409,1505,12,158,0
5,1903,3138,47,2698,1401,27,43,0
7,1712,1113,47,2320,1598,20,44,0
5,1409,895,35,2608,1502,13,111,0
7,1415,1191,64,2043,1356,5,231,0
13,1939,1748,39,2500,1369,11,34,0
17,1353,1692,54,2129,1484,17,146,0
11,1369,2123,47,2484,1414,5,50,0
10,1788,2091,48,2465,1517,21,111,0
11,1838,829,56,2933,1530,6,227,0
9,1331,3860,50,1505,1299,7,222,0
3,1613,1696,53,2716,1633,15,148,0
4,1483,2509,47,2034,803,4,299,0
12,1408,1425,48,2260,1577,6,57,0
19,1490,3692,53,2204,1858,11,193,0
5,1608,2696,56,2319,1818,26,131,0
6,1097,2443,49,1980,1058,10,201,0
11,2021,2864,42,2290,1716,14,57,0
5,1205,3772,53,2478,672,18,159,0
7,1331,2035,55,1866,994,7,176,0
10,1476,2993,64,3289,1985,0,280,0
13,1423,3047,40,2545,1171,14,198,0
10,1165,1544,43,2680,816,26,90,0
3,1727,2370,47,2589,1633,12,238,0
3,1761,2540,49,2863,1449,7,102,0
5,1420,2583,46,2422,1303,24,66,0
9,1047,2293,58,1922,1352,9,120,0
10,1545,3414,48,2677,1692,12,219,0
8,1767,3118,60,2075,1137,12,161,0
10,1315,3262,50,1886,1740,27,95,0
2,1714,2065,46,2006,1574,13,137,0
13,1518,3557,41,3140,1328,19,268,0
8,1404,2930,46,2143,1606,26,231,0
11,1784,2553,47,3430,1301,9,158,0
13,1775,3600,33,2367,1574,13,144,0
10,1533,3794,54,1949,1877,7,85,0
8,1445,2976,52,2766,1849,27,275,0
15,1357,1990,39,2473,1535,16,257,0
10,1703,1622,47,3131,1754,21,74,0
6,1441,2048,47,2480,1246,17,283,0
11,1177,4311,52,2732,1823,0,138,0
13,1070,3019,60,2476,1617,5,100,0
12,1138,1951,52,2587,1385,12,297,0
12,1660,3486,71,1991,1571,31,72,0
15,1335,2867,56,2100,1671,10,275,0
4,1126,2552,55,2934,1245,30,189,0
4,1873,2611,32,2706,1334,17,243,0
7,1612,2215,57,2190,1098,13,230,0
5,1699,2338,66,3087,1244,14,138,0
5,1201,3215,41,2897,1923,21,71,0
14,1909,3221,40,1059,1281,15,35,0
0,1587,1907,49,2414,995,9,235,0
16,1474,2205,45,2829,1579,11,177,0
16,1185,1987,53,2483,1329,15,295,0
7,1513,1862,51,3248,1624,15,287,0
6,1458,2109,58,2934,1587,10,225,0
11,1376,3276,45,2373,1261,18,54,0
13,1462,743,49,1930,1163,3,154,0
11,1507,2761,47,2092,1172,29,122,0
4,1576,2043,61,2698,1954,30,114,0
6,1404,1799,52,3249,1561,20,47,0
14,1708,2336,58,3196,1214,15,99,0
15,1208,3161,43,2877,1490,9,254,0
6,1450,3553,59,2158,1281,24,219,0
4,1615,2180,48,2691,1396,2,158,0
14,1187,2118,51,2280,1877,0,200,0
6,1941,3002,52,2931,891,13,118,0
5,1459,1815,46,2333,1860,7,283,0
12,1702,2492,54,2143,1889,13,132,0
10,1260,4408,66,2985,1151,14,196,0
