4,1547,3079,55,620,812,30,286,1
9,1328,3425,61,1365,1341,9,231,1
14,608,78,57,557,1785,5,112,1
18,626,118,60,1408,1059,11,54,1
8,1297,2415,20,1600,1132,8,61,1
20,625,45,61,840,1599,5,58,1
8,1710,2109,62,1522,1997,3,140,1
6,1500,2520,59,595,1270,26,269,1
9,1494,2300,21,620,1653,13,54,1
3,1211,1972,19,620,1037,20,87,1
6,1669,3508,23,616,966,16,225,1
19,614,147,19,569,770,16,36,1
24,1318,130,59,538,949,21,51,1
6,1677,3192,18,1126,1084,20,174,1
7,1623,2590,59,619,1456,13,48,1
18,1243,77,21,1080,939,26,89,1
6,1467,3361,18,880,987,9,220,1
1,1054,2109,61,645,1709,8,51,1
28,701,88,62,649,1160,23,76,1
9,1449,2883,19,1148,985,10,211,1
12,1311,1705,60,569,1062,21,197,1
23,760,84,21,1222,890,19,63,1
20,503,108,17,689,900,20,62,1
15,535,77,25,522,972,10,57,1
26,1035,87,21,593,740,15,61,1
23,1558,94,20,637,1904,17,167,1
9,2003,1579,58,733,920,15,52,1
12,1101,3051,61,647,1142,14,87,1
5,1675,1870,60,623,1094,11,68,1
15,1493,1997,20,544,1024,23,182,1
20,1374,100,21,1101,974,10,80,1
15,914,102,61,588,887,21,54,1
4,1338,2025,22,1187,1150,16,134,1
25,813,63,19,1485,996,14,49,1
21,843,96,17,685,718,15,78,1
8,944,2655,21,692,937,10,44,1
22,1088,64,22,1087,1180,21,53,1
6,1220,2088,17,1445,1036,10,64,1
21,1623,54,57,583,1138,10,135,1
16,1844,2404,19,581,1141,21,49,1
9,1724,3470,61,520,885,12,128,1
9,1310,2383,57,532,523,12,240,1
18,689,69,63,649,644,18,114,1
20,616,57,60,1576,1024,12,57,1
9,1456,2654,14,605,1056,13,64,1
2,1556,2571,20,598,1948,14,74,1
22,620,115,59,1518,1842,19,40,1
4,1569,2512,18,822,907,5,242,1
7,1105,1954,20,696,1596,14,135,1
14,873,70,59,1182,1216,16,60,1
23,508,44,19,534,832,25,107,1
8,1254,2181,60,650,994,11,40,1
6,1865,2762,59,804,905,24,63,1
20,577,119,61,711,935,19,54,1
9,1459,2830,61,1055,919,8,149,1
9,1633,1927,55,634,1078,15,35,1
19,652,114,57,673,759,16,50,1
8,1297,1768,61,1580,504,8,39,1
21,647,71,61,1168,1115,11,76,1
18,936,68,60,1437,855,23,59,1
15,909,122,15,579,958,22,60,1
20,1323,97,20,625,1026,14,46,1
7,1597,3058,18,1544,1021,19,53,1
7,1613,3780,60,588,1247,8,49,1
14,1334,83,16,621,956,16,57,1
14,637,131,19,549,795,29,116,1
13,1153,2314,58,901,922,28,71,1
2,1564,2446,16,1281,1609,15,76,1
20,486,107,61,606,1117,16,57,1
12,1238,3807,20,1457,1034,16,57,1
4,1146,2958,57,503,1009,14,176,1
19,1222,85,17,906,1223,11,57,1
16,1279,88,61,1537,1504,25,59,1
16,1085,106,18,1347,794,14,275,1
4,1548,2213,17,788,1137,12,78,1
13,1140,1863,24,1195,1845,15,285,1
22,1500,4041,22,1310,954,14,238,1
23,808,99,55,554,1250,11,65,1
16,1350,131,58,647,1005,17,58,1
22,1013,113,58,618,553,26,101,1
6,1728,3829,60,601,1153,22,30,1
25,1107,74,18,1438,723,24,221,1
23,858,71,59,1267,640,17,292,1
19,590,109,63,779,1038,25,279,1
11,1466,2078,22,1016,936,9,68,1
17,532,68,17,1624,893,17,182,1
12,1555,3150,17,1425,1132,16,53,1
6,1142,3705,20,696,1114,18,62,1
7,1822,3557,17,520,1951,24,73,1
21,489,80,58,618,1693,1,68,1
22,619,137,63,1268,793,7,33,1
11,1459,2937,18,1082,1035,17,256,1
21,1013,131,23,1417,1905,6,58,1
14,1302,1646,19,683,1051,24,45,1
8,1635,3372,21,930,1003,11,58,1
16,528,66,64,570,1143,14,67,1
3,1572,4486,61,632,1903,20,59,1
15,880,82,21,813,1565,22,68,1
24,1410,96,21,607,1154,16,66,1
6,1754,3300,60,683,1137,17,76,1
17,578,89,61,711,1641,10,243,1
10,1095,1161,19,754,1584,14,75,1
8,1584,2484,61,640,923,20,49,1
7,1378,1175,64,647,1045,13,74,1
21,1054,141,22,917,957,13,56,1
3,1659,2431,59,593,1024,14,51,1
22,491,105,22,600,943,21,137,1
20,636,105,23,658,994,15,267,1
25,818,82,20,1096,1390,11,44,1
17,668,100,58,669,915,17,136,1
6,1610,1465,17,681,1787,14,56,1
10,1695,1293,19,495,857,16,234,1
26,631,111,20,598,1046,19,145,1
17,1467,72,65,569,957,14,39,1
26,566,112,21,1424,895,20,65,1
28,607,91,60,653,1119,15,79,1
18,511,110,57,1575,806,14,59,1
9,1229,1781,60,997,919,9,46,1
6,1344,2362,59,624,1234,19,99,1
0,1343,2329,61,631,1102,13,65,1
19,1309,93,18,1141,778,18,62,1
18,1066,133,59,588,618,24,163,1
19,570,107,55,593,1086,27,43,1
4,959,3021,60,1286,1012,11,193,1
15,561,68,59,684,1995,11,75,1
2,1356,2347,60,612,1294,28,48,1
17,1645,132,20,1376,1178,17,56,1
26,1595,69,18,567,964,16,166,1
13,1467,3295,21,628,1015,16,280,1
23,918,71,57,989,1476,21,83,1
14,1412,2126,23,627,1917,17,224,1
22,1108,134,59,509,1126,13,67,1
5,1509,2195,21,1532,934,21,53,1
0,1414,2580,20,1612,1402,22,133,1
13,1017,2122,20,553,1202,7,123,1
14,1382,2398,57,1405,671,20,69,1
17,1611,127,19,1370,884,14,44,1
27,633,67,61,585,1702,13,179,1
7,1673,2076,64,1090,684,14,43,1
17,908,114,62,584,950,11,143,1
15,667,77,20,568,993,19,56,1
19,1145,101,17,653,1046,14,52,1
21,640,129,61,617,1933,17,82,1
21,745,91,58,566,1636,21,261,1
8,1504,2488,58,875,1401,21,89,1
26,1099,104,58,529,775,8,170,1
11,1263,3740,54,638,1025,26,117,1
17,617,97,63,1232,1193,18,198,1
5,1522,2762,19,564,1614,17,56,1
9,1600,2944,57,788,1030,17,55,1
19,590,94,64,795,907,20,61,1
12,1726,696,64,1279,727,18,144,1
7,1600,1438,59,1312,1065,12,68,1
17,650,102,58,447,1528,7,72,1
9,1385,1648,22,814,1007,8,53,1
10,1658,2794,63,631,958,17,152,1
22,683,117,22,951,1053,11,61,1
4,1568,3863,19,896,887,6,56,1
11,1689,1704,64,1572,1146,20,67,1
23,1329,115,19,1538,1400,21,290,1
18,572,99,58,638,940,23,59,1
23,626,62,60,651,941,6,217,1
20,674,105,23,655,979,14,71,1
15,1442,3443,22,641,785,19,263,1
21,993,116,23,801,1088,14,95,1
7,1693,2076,23,805,902,16,289,1
18,575,102,18,657,1033,17,97,1
25,527,110,20,518,1868,23,61,1
21,628,73,62,605,779,32,198,1
22,1514,137,62,666,660,15,220,1
12,1184,1317,60,1436,1110,18,192,1
23,1079,88,21,1627,961,10,66,1
13,1624,1416,18,1106,1171,20,59,1
21,760,118,16,522,1390,21,36,1
13,1471,4108,55,624,1508,14,201,1
17,1147,94,21,855,982,22,49,1
23,1626,95,23,1441,1110,21,45,1
7,1700,1372,61,1047,1600,21,258,1
14,643,124,62,617,994,17,243,1
9,1607,2470,17,1508,1236,6,293,1
6,1751,2405,63,612,683,24,50,1
12,1845,1459,17,548,1113,10,176,1
15,531,87,63,916,1025,18,158,1
17,539,98,61,1054,506,7,159,1
8,1921,2768,22,718,698,8,69,1
17,624,114,19,836,1123,28,84,1
13,1634,2978,22,1510,1644,13,58,1
8,1478,3114,60,1204,969,14,57,1
16,879,136,21,1545,1884,26,33,1
5,1282,2952,60,521,1515,24,208,1
4,1588,3051,23,946,951,10,57,1
11,689,139,22,592,913,12,34,1
19,994,121,62,697,1890,18,268,1
12,1294,1245,21,591,910,29,45,1
13,1368,1565,62,1170,1042,13,48,1
6,1302,1429,55,635,1037,21,299,1
21,608,112,60,582,1406,8,78,1
11,1032,1362,21,1459,1042,17,123,1
1,1124,2046,19,1476,1142,14,150,1
4,1786,2313,22,1426,1776,12,58,1
3,1560,2498,71,2160,1418,7,217,0
9,1330,2548,86,2711,1172,16,166,0
9,1681,2533,32,2273,1617,14,123,0
16,1616,1315,15,2466,1977,29,88,0
7,1326,3444,67,2440,1717,18,270,0
12,1834,2260,69,2526,1218,14,255,0
9,1192,3833,86,3298,1307,18,38,0
9,1490,3047,71,2550,1567,7,126,0
14,1560,3044,33,2205,1080,11,285,0
14,1067,1215,26,3083,891,20,180,0
11,1731,3474,42,2339,1725,14,214,0
3,1472,1978,78,2101,1354,8,95,0
2,1232,2030,72,3344,1546,5,160,0
11,1760,3717,22,2468,1241,24,276,0
9,1204,3866,36,2165,1834,0,237,0
9,919,2702,88,2092,1167,7,164,0
7,1626,1549,94,2060,1090,1,192,0
13,1412,2706,26,2783,1351,11,94,0
11,1609,2339,20,3290,1622,17,236,0
6,1906,2399,82,2684,1713,17,78,0
8,1211,2068,35,2319,1087,6,115,0
8,1283,2710,12,3094,1575,16,66,0
8,1843,1577,52,1455,1432,15,77,0
0,1737,2931,54,3588,806,13,281,0
6,1385,2724,82,1985,1608,9,213,0
1,1452,3729,11,2313,1100,16,165,0
13,1446,2501,58,3232,1724,25,168,0
7,1273,3170,47,2022,1686,10,231,0
8,1488,2019,59,1700,1883,11,35,0
10,1746,3009,13,2191,1543,15,64,0
6,1591,2298,54,1996,1586,11,130,0
12,1705,3931,89,3668,1834,3,35,0
1,1610,3644,63,1812,1312,1,222,0
15,1635,2278,60,2441,1303,16,62,0
13,1679,2099,87,2522,981,22,54,0
4,1517,2806,34,3130,1495,19,79,0
8,1732,3189,12,2688,1732,10,65,0
3,1920,1755,31,2364,996,18,168,0
4,1366,2110,37,2759,1437,14,286,0
4,1830,2001,60,2843,1172,11,190,0
11,1750,4004,24,2361,1839,23,79,0
3,2231,1474,77,2471,1928,15,127,0
10,1358,2174,90,2563,1205,12,148,0
4,1587,2506,76,1944,1724,11,191,0
6,1725,2896,91,2662,1301,3,299,0
5,1666,3781,51,2408,1716,7,212,0
12,1235,1975,36,3180,1959,14,85,0
1,1782,3716,21,1804,1769,4,227,0
13,1718,1059,14,2740,1689,10,291,0
6,1103,1744,26,3143,1745,6,178,0
11,1470,1671,61,2109,1489,19,130,0
10,1641,1247,74,2769,1064,7,228,0
6,1831,2466,79,2133,1591,6,208,0
8,1455,1525,30,1889,906,15,249,0
10,1544,2388,83,2851,1811,22,80,0
7,1819,3104,31,1929,801,16,48,0
13,1968,2473,93,2080,815,23,30,0
13,1496,2129,51,3094,1861,15,125,0
11,1315,2644,27,928,973,7,95,0
4,1262,2519,70,2664,1661,7,265,0
9,1384,1835,51,1989,1593,13,195,0
6,1256,1958,77,2497,1738,16,159,0
6,1695,1701,37,1811,1528,8,33,0
8,1368,1334,81,2202,1398,24,95,0
6,1452,1722,73,2754,249,3,60,0
10,1574,1307,48,2068,1488,13,147,0
4,1416,2657,52,2575,1567,21,106,0
5,1913,2327,64,2855,1956,4,249,0
11,1525,2453,84,2458,1418,10,212,0
15,1409,3278,54,2077,1246,13,259,0
9,1559,1950,84,3231,1695,23,177,0
12,1527,3015,72,1883,1321,20,256,0
6,1454,2918,95,2174,2031,15,203,0
11,1394,2609,70,2919,1547,10,221,0
8,943,1201,22,2358,1604,19,294,0
17,1749,1462,54,3529,1705,6,158,0
11,1659,3297,70,2252,1635,19,155,0
3,1577,3025,94,2259,1868,8,291,0
12,1459,2331,65,2828,1602,7,144,0
8,1843,2118,32,2702,1269,8,243,0
13,1436,2480,82,2615,2195,20,126,0
13,1134,3337,54,2483,1440,19,228,0
8,1739,3365,52,2601,1645,13,227,0
12,1405,2979,66,1922,1393,24,262,0
10,1097,3073,60,2781,1837,16,117,0
1,1340,2655,56,3080,1475,5,272,0
6,1601,1487,33,2219,1427,6,96,0
15,1728,2577,52,2043,1653,17,143,0
8,2160,2816,69,2357,1307,3,282,0
7,1839,2293,61,3273,1148,19,269,0
3,1677,1599,12,2066,1621,0,216,0
10,1756,1489,46,3345,1765,8,44,0
5,1408,2438,60,2145,1627,11,159,0
13,1703,2791,45,2584,1792,14,292,0
3,1364,805,16,2113,855,15,262,0
5,1551,3245,50,2837,1367,10,232,0
10,1689,2958,53,3420,1689,6,191,0
7,1658,1616,74,1595,1123,18,98,0
7,1445,1514,18,2930,1591,11,137,0
14,1285,2825,11,2406,1381,14,32,0
11,1571,1293,24,3154,1524,27,190,0
3,1310,2095,89,2120,1437,17,201,0
7,1275,2456,63,2668,1270,13,111,0
12,1378,2488,77,2057,1709,21,249,0
11,1480,2917,67,2469,998,28,97,0
6,1222,1881,35,2680,1951,13,164,0
7,1683,1392,21,2440,1455,21,274,0
8,1963,3068,31,2672,1564,22,63,0
6,1805,2188,27,2734,1240,11,190,0
2,1753,2383,50,2311,1528,14,58,0
12,1647,3306,94,2545,1541,11,47,0
12,1604,3226,27,2477,1103,23,141,0
5,1123,2252,67,3239,1301,10,113,0
3,2204,2385,33,2621,1693,10,120,0
0,1536,1778,19,2951,1916,15,61,0
7,1543,3143,56,2758,1381,15,50,0
6,1651,2895,25,2301,1875,8,147,0
8,2356,2761,92,3028,1177,13,47,0
9,1850,2745,21,2604,768,10,52,0
14,1323,2060,34,3108,1805,19,66,0
12,1494,2561,53,2493,1852,8,128,0
7,1461,1790,85,2260,1043,14,73,0
13,1532,3568,86,2265,1536,12,182,0
11,1270,3837,31,2294,1384,13,112,0
12,1172,2032,66,2695,2001,2,87,0
3,1311,3375,93,1916,1491,15,276,0
8,1246,2937,35,2610,1689,21,108,0
10,1441,3083,87,2989,1530,19,223,0
8,1255,2752,76,2543,1282,1,161,0
10,1882,1300,54,1921,1150,6,151,0
7,1562,2773,67,2417,1313,12,128,0
12,2094,2867,54,2353,1281,3,112,0
9,1666,1086,87,3041,1619,8,110,0
8,1598,2562,12,1906,1823,6,162,0
8,1162,2198,53,1863,1150,20,62,0
5,1398,3271,59,1699,2030,8,116,0
5,1101,3544,20,1816,1743,16,35,0
7,1179,2400,57,2254,1403,13,279,0
12,1289,2159,35,3155,1782,9,121,0
9,1538,3480,46,3121,1619,11,257,0
9,1002,2059,34,2074,1327,36,92,0
0,1239,1832,82,1958,1532,17,298,0
2,1162,2920,38,2982,1140,15,219,0
6,1197,2515,29,1976,2221,14,297,0
10,1027,2838,61,2723,1194,9,286,0
4,1574,3090,82,2940,2148,12,295,0
4,1630,3005,90,1669,1906,13,43,0
11,1201,2454,46,2754,1132,17,129,0
8,1527,1792,31,3251,1539,8,79,0
1,1452,2607,91,2226,1756,21,52,0
6,816,2864,52,2332,1747,22,262,0
8,1237,3095,33,2242,1597,14,86,0
8,1719,2234,43,2548,1323,19,104,0
14,1997,835,36,2311,1566,21,174,0
12,1102,3480,43,2495,1674,25,291,0
4,1477,2697,48,3485,1796,5,155,0
4,1478,2213,93,2001,1806,18,236,0
10,1869,3812,76,2679,1932,18,175,0
10,1310,781,12,2435,1751,8,145,0
13,1428,1403,72,1938,1611,22,187,0
6,1662,2708,91,2257,1871,8,234,0
5,1557,3992,42,2463,1097,8,160,0
6,1355,3252,25,3613,1076,10,43,0
11,1414,1896,42,2346,1890,14,249,0
11,1416,2370,30,2717,2206,4,83,0
11,1762,2438,64,2250,1714,5,202,0
8,1511,2480,89,3204,1766,4,128,0
9,1561,2351,91,2282,1405,18,204,0
8,1234,2049,91,2731,1429,36,207,0
9,1542,3283,49,2419,1632,5,75,0
13,1515,1494,28,2524,1709,13,227,0
5,1270,2949,38,2096,1145,6,229,0
11,1442,1697,27,1951,1364,12,123,0
7,1931,2354,51,2994,1487,17,158,0
6,1299,2626,30,2426,1178,15,41,0
7,1419,2986,40,2545,1048,9,254,0
7,1592,2927,14,1959,1204,5,179,0
12,1309,2831,12,2579,1244,15,107,0
6,1423,3065,64,1962,1393,37,232,0
4,1555,1858,51,3355,1499,10,244,0
7,2217,1020,41,3570,1421,8,156,0
12,1600,991,44,2248,1992,14,279,0
5,1815,1971,47,2521,1327,26,180,0
11,1057,2500,53,2591,1077,6,82,0
8,1411,2942,73,2449,1397,17,135,0
5,1506,2209,24,2445,1255,2,54,0
12,1262,2961,20,2303,1231,10,255,0
9,1422,2191,91,2685,1722,7,236,0
9,890,3688,14,1897,1252,25,102,0
7,1969,3470,92,2545,1599,11,192,0
10,1711,2703,92,2260,1790,11,152,0
13,1245,1318,30,3117,1484,23,115,0
10,1148,1280,45,3192,1406,3,37,0
4,1471,2607,27,2539,2047,10,192,0
10,1850,2905,83,1912,699,11,65,0
6,1166,1945,90,2072,1315,0,103,0
7,1208,2097,87,2309,1044,4,116,0
4,1454,1199,57,2324,1284,6,98,0
3,1664,2881,38,2235,1724,14,192,0
5,1401,2517,64,2970,1061,8,77,0
13,1188,2097,29,2655,1503,26,52,0
12,1756,2548,50,3001,1059,24,163,0
7,1622,2019,70,3265,1193,15,277,0
12,1438,3187,32,2331,2008,11,175,0
13,1402,2062,27,2349,972,13,125,0
15,1522,2276,27,2278,1697,10,58,0
7,1444,1497,75,1911,1933,26,279,0
14,1279,2094,93,2541,1673,10,160,0
10,1827,624,81,1787,1368,22,111,0
4,1588,2720,42,2017,2167,6,156,0
13,1753,1491,86,1859,1135,12,177,0
3,1614,2608,30,2714,1422,12,184,0
7,1114,1799,93,2559,1148,19,285,0
15,1300,1307,54,3322,1411,8,153,0
4,1461,2362,40,2817,1416,25,104,0
8,1123,2762,87,2170,1525,10,276,0
8,1199,2085,74,2907,1164,24,38,0
4,1502,2202,79,2473,1856,5,177,0
3,1669,4122,71,2764,1107,29,191,0
7,1097,4340,38,2855,1559,8,232,0
13,1204,3182,90,1800,1768,5,188,0
8,1608,2222,55,2689,1612,7,127,0
2,1330,3788,74,2471,1055,5,241,0
5,1244,2535,87,3229,1823,18,37,0
8,1642,2810,62,2256,1066,20,234,0
4,1244,3332,57,2537,1258,11,268,0
13,1419,815,13,3055,1101,9,281,0
9,978,1741,69,3613,1795,14,100,0
4,1552,1210,94,2099,1494,16,269,0
5,1134,3420,25,2771,1366,29,155,0
9,1149,2840,55,1993,1203,17,78,0
2,1387,2355,81,2648,1459,18,291,0
5,1731,2245,28,3199,1317,26,186,0
9,1421,3795,18,2914,1253,6,278,0
7,1875,2791,30,1741,1671,10,270,0
9,1222,2761,38,2487,2112,4,186,0
11,1596,2384,18,2370,1284,16,78,0
10,1351,3085,92,2851,1144,13,116,0
8,1625,4735,46,2503,1453,19,134,0
5,1696,3169,47,2969,1941,1,156,0
9,1527,3097,78,2049,1398,14,298,0
6,1148,1973,76,2858,1786,24,225,0
12,1221,1036,86,2534,956,19,122,0
5,1541,2304,53,2708,1534,13,81,0
4,1929,2062,24,3217,1482,17,136,0
14,750,1726,49,2687,1528,22,40,0
6,1660,3403,35,2884,1642,21,181,0
6,1428,2415,47,3404,1514,21,175,0
7,1847,2971,77,3162,1474,18,214,0
15,1488,1193,38,2702,1157,20,243,0
6,1540,1483,50,2765,1542,8,227,0
11,2012,2163,17,3020,1826,6,30,0
10,1490,1658,60,2506,1339,15,163,0
2,1586,2420,51,2455,1214,2,288,0
5,1867,2493,27,2630,1507,6,117,0
14,1409,1572,28,2499,1831,16,197,0
8,1657,2857,45,2226,1420,26,138,0
7,1786,1417,20,2643,1527,23,226,0
6,1914,2634,43,2433,1922,10,79,0
9,1384,2832,49,2009,1082,7,277,0
13,1384,2979,45,3024,1509,16,191,0
8,1099,1427,28,2468,1869,15,130,0
9,1365,2905,48,1882,1184,13,137,0
5,1397,2731,75,2254,1404,5,288,0
6,1869,3076,22,3654,1984,11,127,0
8,1266,3776,38,2239,1571,12,107,0
11,1540,3757,67,2067,1659,10,85,0
5,1468,3243,36,2713,1453,12,230,0
15,1873,1771,74,2731,1119,6,226,0
12,1602,3178,37,2394,1143,3,215,0
14,1487,2638,42,2122,1007,8,117,0
17,1405,3238,22,2291,2097,6,278,0
3,1506,2978,70,2673,1577,15,240,0
0,1529,2798,91,2708,1322,14,99,0
7,1510,2135,71,2485,2029,7,80,0
10,1276,1398,85,3223,1781,6,192,0
3,976,3133,32,3130,1755,14,130,0
13,1507,2427,19,2981,1151,28,252,0
8,1746,1462,77,2192,1475,26,190,0
19,1530,2813,87,2420,1172,11,258,0
2,1466,3510,26,2962,1046,7,280,0
12,1890,1967,67,1527,1755,5,236,0
9,1155,2981,77,2820,1510,9,235,0
13,1444,3338,57,2541,1482,17,130,0
11,1350,1929,35,2376,1456,24,192,0
3,1424,3091,47,3042,1622,14,32,0
12,1867,1569,92,2824,2044,18,105,0
8,1386,2575,68,2806,1473,2,94,0
6,1420,3171,94,1988,1393,9,53,0
9,1451,2983,66,2704,1173,5,75,0
10,1500,1357,28,2577,1229,2,75,0
7,1876,1252,81,3018,1279,18,99,0
10,1693,3006,32,3016,1711,14,148,0
9,1619,1939,25,1756,961,5,247,0
11,1097,1155,50,1976,1579,9,215,0
9,1775,2287,67,2899,1655,10,98,0
7,1595,4511,94,2268,1209,17,34,0
10,1134,2201,23,2797,1885,6,200,0
8,1389,1500,71,2528,1328,17,205,0
11,1533,2580,77,2634,1576,18,55,0
1,1478,2791,81,3120,1453,2,93,0
9,1652,1977,25,2393,1451,9,210,0
8,1726,2353,68,2632,1943,10,255,0
6,1381,3170,78,2590,1518,21,239,0
11,1190,2935,89,2483,1412,7,168,0
7,1203,1777,62,3622,1548,16,55,0
8,1270,2317,14,3423,1594,31,261,0
10,1887,2238,11,2060,1447,18,298,0
8,1241,1967,53,2900,1165,9,71,0
13,1788,2503,61,2516,1729,6,254,0
9,1082,1857,20,3363,1870,38,52,0
10,1595,2804,75,2812,1699,9,226,0
5,1858,1991,89,2091,2149,14,35,0
6,1579,2695,21,3320,1390,3,224,0
6,1086,2191,10,1764,1213,8,244,0
4,1906,1540,73,1995,2262,18,164,0
7,1811,2508,24,3039,1819,13,111,0
6,1679,3200,54,2221,987,14,263,0
2,1476,2474,16,2203,1511,7,172,0
7,1195,4139,84,2305,1319,13,272,0
9,1937,3505,15,3096,1672,12,100,0
11,1578,2484,42,2584,1323,34,131,0
2,1271,2053,14,2672,1286,20,47,0
8,1633,3603,31,2419,1953,19,184,0
9,1437,2220,79,2425,1652,33,146,0
9,1549,1339,67,2312,1363,5,256,0
3,1589,1500,35,2434,1093,10,260,0
15,1257,3427,14,2687,1587,14,216,0
13,1389,2279,23,2325,1333,18,210,0
10,1597,2326,40,2509,1212,17,217,0
10,1236,2363,20,2615,1490,13,55,0
5,1533,1874,71,1851,1744,14,278,0
10,1624,1857,63,2766,2237,19,48,0
9,1717,4379,85,3114,1658,11,116,0
19,1301,3137,36,1942,1290,12,248,0
8,1742,3107,78,3548,1214,26,115,0
9,1405,2234,25,2726,1637,3,291,0
17,1402,2538,20,2631,1295,14,86,0
12,1650,2153,26,2189,1720,12,99,0
6,1737,3460,15,2354,982,17,175,0
9,1424,1937,36,2909,2006,25,278,0
17,1889,2194,19,3086,2241,26,80,0
16,1353,1063,22,2064,1638,14,185,0
4,1630,4131,14,3150,1749,12,292,0
8,2209,3578,15,2995,1439,16,153,0
3,1344,1476,71,2963,1542,19,153,0
6,1728,1954,77,2230,1847,18,232,0
3,1044,3169,78,3133,1639,4,65,0
10,1619,2243,44,2409,1659,4,247,0
11,1244,2427,88,2720,1792,15,154,0
8,1587,1698,77,2328,1754,15,216,0
5,1417,1159,41,2495,1770,6,240,0
17,1267,1659,41,2426,1559,8,91,0
12,1358,2077,37,2090,1049,11,108,0
4,1689,2762,14,2400,1317,27,78,0
6,1156,2318,82,2907,1818,12,158,0
6,1695,1620,42,2467,1887,0,294,0
8,1047,2372,92,3104,841,10,185,0
8,1921,3179,90,3140,1495,17,152,0
12,1637,3094,60,2476,1522,14,246,0
7,1779,3735,86,2974,1492,3,206,0
7,1715,1532,52,2065,1106,20,182,0
4,1345,2973,39,2777,1460,16,51,0
10,1683,2588,15,2266,1613,9,227,0
7,1488,2703,67,2009,1126,15,282,0
9,954,1620,54,2447,1002,16,149,0
14,1861,2035,61,2676,1292,22,271,0
11,1472,2163,21,2758,2141,11,192,0
12,1375,2105,29,2126,1684,14,129,0
11,1726,3988,49,2365,1710,6,204,0
11,1619,2806,53,3311,1838,16,244,0
14,1458,2862,21,2838,1813,21,161,0
7,1260,3223,19,2607,1160,6,239,0
12,1462,3098,59,2322,1571,7,179,0
5,1475,4971,92,2305,1159,3,296,0
13,1523,1034,13,2839,1481,21,282,0
2,1325,2090,33,2441,1307,1,136,0
3,1908,3252,34,2668,807,23,217,0
11,1769,1236,45,2353,1780,17,224,0
9,1841,2582,53,3364,1829,13,238,0
5,1132,3617,62,3132,1430,18,261,0
11,1483,1845,48,2804,1785,18,169,0
1,1510,3167,25,2646,1398,5,175,0
8,756,2246,33,3041,1429,15,264,0
7,2091,2433,13,2771,1826,10,193,0
15,1309,2885,79,2153,1227,8,230,0
11,1484,2046,45,2532,1332,5,146,0
4,1336,2415,70,1548,1844,4,96,0
11,1135,3478,34,3054,2166,10,212,0
11,896,2906,88,1883,1765,14,197,0
3,1658,2048,52,2647,1261,16,92,0
11,977,2976,21,3340,904,18,118,0
4,1716,1439,46,2504,1468,7,152,0
19,1898,1434,51,2283,1932,21,62,0
3,1690,2430,90,2074,1633,12,202,0
11,1981,2689,89,1978,1258,15,190,0
13,1412,3120,61,2141,915,21,190,0
7,1428,2560,39,2069,1301,11,203,0
5,1642,2498,90,3023,817,5,47,0
4,1709,2942,19,1725,1631,2,217,0
11,1261,1521,22,1952,1316,5,251,0
8,1740,1446,84,1745,1056,8,163,0
9,1982,2684,55,3195,1514,5,128,0
11,1253,1656,27,1995,1355,22,245,0
5,1802,1791,57,2721,1164,6,204,0
9,1628,2204,13,3276,1042,32,197,0
7,1913,3525,91,3061,1717,7,109,0
10,1484,2095,67,2584,1602,8,37,0
5,1285,1481,11,2221,1451,16,46,0
6,1540,3075,73,3017,1547,5,159,0
11,1356,3530,67,2865,900,13,74,0
9,1265,2180,28,2254,1390,15,111,0
8,1699,3852,60,2503,1233,20,133,0
11,1411,4004,11,2552,1423,7,121,0
4,1610,2988,36,2392,2330,5,155,0
11,1619,2603,32,1882,1716,17,79,0
13,1303,2337,16,2733,1796,19,175,0
4,1277,563,65,3259,1737,4,98,0
5,1737,3738,56,2098,1321,17,189,0
6,1554,3916,51,2176,969,7,179,0
11,1390,2078,81,2601,1264,17,222,0
9,1568,3688,49,2800,1677,21,168,0
7,1302,3322,10,2048,1060,7,116,0
20,1503,2769,83,3122,1452,15,54,0
7,1989,2784,72,2217,1306,8,292,0
13,1128,1252,21,1684,1186,18,275,0
6,1673,2105,19,2117,1596,5,230,0
9,1217,1802,71,2048,1334,16,168,0
13,1587,2131,53,2444,1255,14,164,0
10,1823,3239,63,2811,1447,13,190,0
3,1601,1766,56,3220,1670,25,147,0
11,926,1931,48,2431,1416,13,245,0
8,1550,3040,82,2608,1686,12,52,0
3,1327,2308,49,2381,1529,17,140,0
13,1569,1306,72,3076,1359,8,31,0
11,1344,3127,21,2539,1600,14,285,0
5,1385,2996,25,2705,2203,1,94,0
14,1377,1786,57,2171,1214,14,247,0
8,1235,2472,75,2866,1216,7,264,0
5,1167,2611,83,2802,1496,9,274,0
9,1599,3224,74,2982,1041,9,228,0
10,1540,2032,33,2776,1303,21,265,0
18,1261,2367,70,2776,1872,27,297,0
4,1688,2562,82,2772,1821,13,167,0
10,1588,4077,73,2334,1751,30,46,0
15,1740,2783,35,2620,1477,5,265,0
8,950,861,48,2253,1884,5,176,0
2,1570,1859,47,2438,1912,11,122,0
5,1492,3360,70,1664,1074,16,279,0
5,1799,2635,88,1911,1680,10,93,0
3,1577,2108,37,3316,1756,1,196,0
12,1321,1952,93,3126,1491,12,216,0
6,1364,2642,26,2228,1845,23,182,0
4,1575,2887,18,2413,1701,17,116,0
6,973,2416,39,2531,2106,21,181,0
9,1682,2619,26,2070,1262,14,108,0
5,1175,1814,80,1476,1953,24,153,0
1,1712,2349,52,2833,1074,17,159,0
13,1941,3467,28,2007,2019,14,273,0
7,1436,1928,55,2325,1659,22,190,0
5,2120,1608,80,2767,1879,16,253,0
7,1955,1805,49,2400,1318,16,284,0
12,1361,3002,54,2866,1400,15,95,0
2,1580,2631,90,3204,1411,33,79,0
9,1636,1779,50,2149,922,15,290,0
8,1462,3147,67,2144,1273,11,118,0
1,1122,1406,25,2296,1158,18,124,0
11,1533,2068,15,2389,1386,21,144,0
13,1442,1729,53,2423,1656,9,56,0
8,1656,2571,45,2377,1673,11,243,0
10,1584,2191,48,2005,1669,6,239,0
11,1853,2947,67,1930,960,6,113,0
6,1544,1921,67,2708,1594,23,116,0
12,1581,3519,42,2444,1740,16,150,0
9,1815,1610,71,2069,2177,5,64,0
3,1370,1843,66,2610,2034,20,128,0
14,1343,3351,94,2372,1598,13,95,0
14,1940,3109,44,2097,1425,21,208,0
8,1305,3027,47,2322,1573,17,192,0
7,1643,1905,77,2997,1812,0,81,0
10,1646,691,13,2219,1327,6,265,0
7,1690,1584,21,2365,1333,8,92,0
9,1490,2408,63,2826,1432,12,196,0
9,1495,2674,22,2448,1334,14,36,0
11,1554,3748,88,2622,1964,12,123,0
3,1895,1208,64,3288,1459,16,121,0
10,1814,3483,41,2469,1294,12,277,0
0,1241,2175,24,1723,1539,29,87,0
1,1619,2852,87,2120,1461,7,156,0
4,1207,1909,31,2740,1232,9,251,0
5,1015,1059,52,2216,1378,18,148,0
4,1509,1327,13,2387,1723,19,274,0
2,1406,3077,51,2178,1857,19,296,0
6,1468,1808,54,2879,1184,7,221,0
10,1870,3634,31,3021,979,8,125,0
9,1608,2591,21,2480,1476,16,206,0
6,1219,2016,43,2422,1766,16,221,0
9,1502,1574,26,1748,1118,8,61,0
4,1421,1702,42,2509,1855,23,66,0
7,1731,2912,12,2747,1639,2,109,0
4,1489,3523,77,2438,1258,4,144,0
12,1330,1889,66,2214,1780,11,232,0
2,1203,3048,92,3659,1705,9,168,0
9,1246,4107,48,2232,1840,19,298,0
10,1301,1234,46,2523,1731,9,65,0
5,698,2358,38,2542,1395,8,175,0
6,1422,4040,65,2510,1606,5,254,0
8,1500,2712,24,2303,857,17,142,0
10,1577,2660,26,2704,1597,19,183,0
9,1268,871,85,2835,2298,27,271,0
5,1091,1741,83,2959,975,8,144,0
13,1918,2480,40,1848,1637,18,213,0
3,1685,1610,43,2510,1266,28,36,0
7,1462,2185,34,2713,648,8,56,0
5,1331,3496,56,2633,956,9,168,0
3,1499,4806,41,2085,1558,7,296,0
9,1555,2777,51,2108,1440,6,277,0
11,1989,1325,69,2715,919,4,100,0
11,1486,3068,52,3039,1201,3,156,0
8,1960,3246,10,2243,1471,15,270,0
10,1182,3672,54,1504,1160,16,47,0
10,1768,1579,74,2721,1899,17,290,0
12,935,3811,67,2311,783,3,157,0
3,1327,2073,84,2359,1749,9,32,0
11,1281,3251,49,1663,1874,10,118,0
8,1375,2612,11,2802,1943,4,127,0
6,1285,3290,93,2517,1927,18,240,0
7,1263,3087,68,2703,1329,15,40,0
10,1501,1915,90,2030,1299,16,57,0
1,1533,2195,25,1860,1434,14,192,0
6,1573,2046,56,2073,1219,29,272,0
2,1262,3175,94,2249,1891,6,245,0
7,1056,3765,22,2000,2140,11,288,0
1,1650,2577,84,3101,1564,0,265,0
12,1734,2936,88,2419,1442,5,176,0
8,1833,2296,21,2405,1551,10,215,0
1,1855,1090,81,2198,1357,22,261,0
2,1479,2362,66,2711,1464,14,231,0
3,954,1973,66,2771,1899,4,184,0
10,1224,3598,42,2190,1145,14,247,0
8,1653,1615,28,2792,1157,16,124,0
4,1761,2985,65,2801,1685,0,128,0
2,1222,1290,46,2449,1406,10,120,0
6,1585,2960,74,1753,1752,21,211,0
1,1192,2987,74,3167,1284,8,291,0
16,1553,3099,51,2320,1182,15,126,0
3,1760,2141,73,2253,1517,9,42,0
5,1487,2738,11,2399,1818,1,32,0
12,1281,1992,68,2775,1785,10,34,0
10,1546,1125,85,2033,1750,17,88,0
5,1676,2644,27,2159,1761,17,175,0
9,1634,3164,35,2281,2136,9,144,0
4,1380,1500,25,2351,1252,8,251,0
5,1126,2989,92,1948,1840,1,125,0
4,1417,3550,71,2649,1003,11,59,0
5,1508,2864,64,2616,1623,10,198,0
9,1408,3074,10,2662,1479,3,99,0
10,1484,2674,31,1936,675,27,131,0
6,1753,803,74,2249,1633,7,233,0
11,1862,1487,81,2424,1559,3,84,0
7,1462,2078,89,2117,1692,15,289,0
13,1604,4014,27,2809,1683,14,233,0
15,992,3645,44,2345,1443,21,55,0
9,1154,3795,38,2597,1131,18,162,0
3,1357,2982,78,2794,1518,2,169,0
10,1653,1037,76,2446,1414,8,277,0
2,1880,1349,70,2119,1753,11,238,0
7,1280,2428,40,3231,1093,11,299,0
8,1832,1154,20,2394,2054,35,39,0
8,1156,2151,23,2188,1030,2,173,0
7,1820,3246,67,2784,1416,2,288,0
13,1208,3284,41,2996,1183,5,118,0
9,1476,3045,37,2713,1557,10,150,0
8,1393,2289,77,3282,1651,8,266,0
9,1331,3427,42,2404,1186,5,162,0
6,1612,1642,64,2450,1397,2,247,0
8,1528,3241,83,2364,1598,4,86,0
3,1592,3278,87,2801,1315,5,172,0
6,1202,1162,59,2334,988,17,266,0
7,1650,2863,29,2454,1826,0,76,0
10,1448,2680,20,2509,704,10,154,0
9,1444,1515,79,2894,1098,7,182,0
2,1325,2635,81,3007,1805,12,194,0
6,1771,2088,94,2765,1449,9,221,0
12,1749,1831,24,2941,1675,5,275,0
8,1739,3086,69,2557,1176,13,117,0
7,1779,1836,72,2902,1139,2,241,0
8,1741,2034,27,2612,1388,25,42,0
9,1696,2526,70,2232,1657,16,141,0
11,1001,763,29,2048,1248,19,131,0
6,1751,1774,69,2672,1333,22,166,0
8,1499,3654,22,2686,1852,13,138,0
9,1286,1269,57,2541,1084,22,202,0
12,1797,1666,37,2019,1194,23,227,0
7,1174,2814,70,2405,1599,11,37,0
5,1383,2669,83,2847,1034,4,288,0
5,1459,2470,30,2967,1323,16,174,0
2,1489,1991,56,2798,1806,4,199,0
12,1508,2611,69,2842,1349,1,128,0
5,1929,1577,92,2223,1801,11,118,0
11,1431,3607,83,2127,1364,23,83,0
7,1409,1014,77,2339,1365,12,97,0
10,1271,2742,81,2003,1818,24,41,0
9,1412,2629,23,2735,897,12,270,0
9,1416,3279,89,2884,1527,9,69,0
11,1647,3043,15,2422,1608,1,299,0
6,1082,4132,75,2698,1298,15,244,0
14,1480,2943,73,2571,1823,22,96,0
9,1139,2049,88,2754,785,4,148,0
5,1801,1927,61,2868,1670,3,147,0
8,1006,3298,57,2691,1892,16,90,0
5,1667,2961,71,1980,1952,26,185,0
4,1535,2934,77,3015,1520,24,216,0
5,1212,1857,72,2051,1849,10,99,0
7,1482,3555,25,2362,1217,10,131,0
7,1363,2150,78,2717,1262,9,265,0
6,1637,1357,42,2921,1668,25,101,0
11,1752,2967,82,3065,989,11,261,0
14,1269,2301,57,2555,1203,17,176,0
8,1518,1938,45,2727,1235,15,263,0
15,1532,3374,14,2499,1226,4,142,0
6,1682,2982,18,2448,2030,16,126,0
7,1735,1793,69,3289,1252,16,249,0
10,1548,2034,17,2842,1312,20,77,0
7,1800,1921,91,2726,1258,17,175,0
10,1474,2054,67,2888,1706,14,232,0
7,1674,3265,52,3486,1363,21,222,0
1,1652,2456,14,2777,1134,3,243,0
9,1334,2264,23,2036,1622,8,236,0
7,1633,3100,81,1268,1733,23,106,0
10,1330,2991,17,2644,1670,17,165,0
15,1728,2710,27,2585,1635,19,35,0
7,1540,1274,77,2174,1264,14,292,0
6,1532,2153,12,2179,1934,16,264,0
6,1486,3897,32,2702,1845,8,98,0
12,1615,904,69,2548,1504,15,207,0
4,1367,2734,31,2710,1860,9,126,0
5,1672,682,77,2118,1535,6,222,0
11,1792,2241,16,2019,1411,2,82,0
4,1170,2805,68,2573,1397,17,195,0
7,1498,3929,33,2607,1754,9,79,0
11,1649,1355,75,2251,1977,13,234,0
12,1934,3149,33,2845,1214,17,266,0
7,1437,1889,57,1727,1780,4,149,0
8,1817,3106,19,2541,912,8,295,0
8,1631,2599,78,2317,1373,9,76,0
10,1584,2395,94,1490,1507,12,87,0
5,904,2897,21,2660,1216,1,76,0
11,1773,1016,58,2119,1684,2,231,0
7,1355,1197,67,2138,1571,10,120,0
8,1533,2701,37,2632,1887,20,261,0
5,1649,1552,34,2907,1388,19,172,0
6,1550,2810,13,2714,2026,12,274,0
4,1219,2396,55,3022,2203,3,220,0
7,1548,2457,52,3558,1512,12,179,0
2,2071,3578,80,1229,1494,14,76,0
10,1352,2038,18,3678,1367,8,148,0
5,1853,2670,41,1971,1298,4,109,0
5,1592,2895,72,2636,1532,10,177,0
14,1514,2602,79,2097,1742,9,68,0
9,1597,3070,90,1992,1563,20,77,0
17,1294,4776,58,2948,1813,8,32,0
11,1070,1430,42,3007,1433,18,297,0
8,1377,2631,27,1954,1734,12,151,0
3,1742,3689,13,2512,1813,13,93,0
12,1427,2497,50,2271,1476,8,295,0
7,1146,2090,56,2305,1732,10,129,0
4,1417,2761,29,1995,1851,12,175,0
5,1054,1621,35,2698,1751,25,267,0
9,1622,5352,57,1770,1617,15,32,0
5,1458,1969,47,2137,1432,13,69,0
11,1224,2340,82,3352,1456,12,186,0
5,1220,4033,20,2259,1638,7,51,0
9,1797,2493,15,2950,1453,10,155,0
10,1450,1498,57,2165,1144,8,62,0
12,1527,2203,91,1975,1668,19,198,0
10,1743,2237,59,2089,1863,6,294,0
4,1525,1967,70,3428,1577,13,208,0
11,1568,1789,38,2787,1308,19,165,0
12,1572,1689,38,2125,1356,17,217,0
8,1653,2628,61,2626,2062,5,244,0
17,1456,3682,21,2369,1818,17,189,0
1,1473,1802,49,3066,1107,16,203,0
12,1389,2358,89,2055,742,21,240,0
6,1395,3032,83,1908,1070,12,100,0
13,1460,1669,18,1982,1534,29,32,0
15,1523,2371,88,2738,1807,15,155,0
5,1193,2751,83,1594,1041,17,234,0
10,1873,2427,83,2352,1454,17,104,0
19,1140,1944,83,2486,1411,23,209,0
3,1819,1392,23,2502,1543,10,281,0
9,1914,2766,85,3076,1332,20,257,0
5,2042,2737,22,2640,1120,11,71,0
0,1670,2880,17,2492,1234,3,248,0
3,1378,1227,21,3562,1318,7,206,0
5,2012,1872,27,2793,1377,21,130,0
4,1446,2781,80,3296,1102,13,56,0
13,1271,3336,38,2632,1398,11,105,0
6,1590,3194,77,3143,1423,12,260,0
4,1829,2968,13,1673,1514,3,285,0
8,1167,1273,64,2090,1374,17,220,0
7,1164,4407,61,2139,2159,18,205,0
8,1718,2197,88,2144,1561,9,177,0
10,1211,1039,22,2252,1565,2,273,0
8,1789,1312,33,1802,1431,15,90,0
8,1218,3420,77,2227,1245,15,35,0
16,1180,2060,22,2133,1380,5,36,0
6,1698,1438,41,2238,1498,14,183,0
11,1276,1641,31,3085,1474,21,115,0
0,1891,2422,57,2254,1524,10,224,0
13,1752,3573,30,2593,1208,9,181,0
13,1436,1361,76,3233,1712,15,188,0
7,1586,3609,77,2420,1638,31,52,0
7,1181,2832,33,3418,1326,10,263,0
4,1463,369,67,2561,1650,9,40,0
11,1372,2963,86,2276,1526,9,117,0
9,1052,2969,44,1711,1700,22,128,0
7,1054,949,23,2568,1604,14,252,0
6,1667,1501,12,3030,1797,11,61,0
4,1385,3038,28,2854,1929,13,33,0
1,1548,3664,15,2933,1587,14,147,0
6,1144,2541,23,2946,1489,11,276,0
9,1079,3881,82,2299,1663,22,288,0
12,942,3017,84,2094,2001,18,214,0
8,1037,4129,26,2630,1393,12,50,0
6,1467,3312,63,2292,1420,2,194,0
17,1272,3016,81,2309,1234,12,246,0
4,1811,3296,30,2853,1610,8,177,0
9,1127,1759,31,2971,1079,8,227,0
10,1733,3290,74,1349,1766,13,198,0
2,1714,4014,93,3174,1618,18,71,0
5,1903,3138,24,2358,1271,19,193,0
7,1712,1113,14,1860,1692,3,157,0
5,1409,895,13,2223,1525,8,231,0
7,1415,1191,62,2866,928,18,294,0
13,1939,1748,27,2922,2002,19,243,0
17,1353,1692,28,1928,1371,19,234,0
11,1369,2123,68,3129,1772,7,292,0
10,1788,2091,62,2003,1521,13,259,0
11,1838,829,80,2448,1341,18,200,0
9,1331,3860,25,2180,1181,27,222,0
3,1613,1696,56,2585,1255,27,259,0
4,1483,2509,79,2779,1163,8,32,0
12,1408,1425,55,2495,1479,18,217,0
19,1490,3692,25,2100,1471,7,265,0
5,1608,2696,28,2980,1823,13,132,0
6,1097,2443,11,2789,1437,23,117,0
11,2021,2864,64,2689,1504,20,282,0
5,1205,3772,13,3018,1081,15,269,0
7,1331,2035,83,2323,1586,11,53,0
10,1476,2993,38,2579,1095,8,222,0
13,1423,3047,33,2394,1180,6,46,0
10,1165,1544,25,3301,1950,8,137,0
3,1727,2370,49,2212,1218,24,232,0
3,1761,2540,91,2511,1711,8,39,0
5,1420,2583,45,2601,1711,1,206,0
9,1047,2293,34,3002,1545,15,110,0
10,1545,3414,39,2189,1319,8,48,0
8,1767,3118,40,2600,1325,2,83,0
10,1315,3262,88,2129,1146,18,56,0
2,1714,2065,56,2346,1737,8,134,0
13,1518,3557,84,1894,972,22,279,0
8,1404,2930,51,3468,1597,11,273,0
11,1784,2553,49,2823,1685,6,105,0
13,1775,3600,36,2637,1649,25,183,0
10,1533,3794,70,2354,1404,6,126,0
8,1445,2976,66,2711,1783,19,108,0
15,1357,1990,29,2204,1955,0,289,0
10,1703,1622,41,3264,740,17,173,0
6,1441,2048,17,2701,2143,10,177,0
11,1177,4311,17,2744,1186,1,234,0
13,1070,3019,71,2340,1920,22,293,0
12,1138,1951,80,2712,1427,17,282,0
12,1660,3486,86,2700,1504,10,270,0
15,1335,2867,72,3129,1516,5,188,0
4,1126,2552,28,2622,1801,13,172,0
4,1873,2611,81,2334,1404,9,244,0
7,1612,2215,68,2872,1515,7,299,0
5,1699,2338,81,3296,1593,7,195,0
5,1201,3215,34,2866,1395,8,275,0
14,1909,3221,23,3151,1304,4,222,0
0,1587,1907,83,3022,929,18,132,0
16,1474,2205,32,3099,1505,5,160,0
16,1185,1987,13,2856,1273,17,191,0
7,1513,1862,36,2278,1176,15,78,0
6,1458,2109,85,1796,1558,18,66,0
11,1376,3276,36,2956,1597,8,261,0
13,1462,743,67,2679,1581,15,86,0
11,1507,2761,63,2219,1267,9,230,0
4,1576,2043,56,2368,1136,19,144,0
6,1404,1799,44,2654,1276,20,125,0
14,1708,2336,29,2251,976,18,197,0
15,1208,3161,80,2142,1715,6,122,0
6,1450,3553,58,2334,1242,15,211,0
4,1615,2180,23,2999,1196,0,58,0
14,1187,2118,46,1914,1517,15,221,0
6,1941,3002,30,1913,1506,9,58,0
5,1459,1815,35,2623,1343,8,96,0
12,1702,2492,46,2964,1673,12,103,0
10,1260,4408,93,2371,1342,12,74,0
